altitude;J;Percent_transm
0;36.6202;100
1;36.6203;100
2;36.6204;100.001
3;36.6206;100.001
4;36.6207;100.002
5;36.6209;100.002
6;36.621;100.002
7;36.6212;100.003
8;36.6213;100.003
9;36.6214;100.003
10;36.6216;100.004
11;36.6217;100.004
12;36.6219;100.005
13;36.622;100.005
14;36.6222;100.005
15;36.6223;100.006
16;36.6224;100.006
17;36.6226;100.007
18;36.6227;100.007
19;36.6228;100.007
20;36.623;100.008
21;36.6231;100.008
22;36.6233;100.008
23;36.6234;100.009
24;36.6235;100.009
25;36.6237;100.01
26;36.6238;100.01
27;36.624;100.01
28;36.6241;100.011
29;36.6242;100.011
30;36.6244;100.011
31;36.6245;100.012
32;36.6246;100.012
33;36.6248;100.013
34;36.6249;100.013
35;36.6251;100.013
36;36.6252;100.014
37;36.6254;100.014
38;36.6255;100.015
39;36.6256;100.015
40;36.6258;100.015
41;36.6259;100.016
42;36.6261;100.016
43;36.6262;100.016
44;36.6263;100.017
45;36.6265;100.017
46;36.6266;100.018
47;36.6268;100.018
48;36.6269;100.018
49;36.6271;100.019
50;36.6272;100.019
51;36.6273;100.02
52;36.6275;100.02
53;36.6276;100.02
54;36.6277;100.021
55;36.6279;100.021
56;36.628;100.021
57;36.6281;100.022
58;36.6283;100.022
59;36.6284;100.023
60;36.6286;100.023
61;36.6288;100.023
62;36.6289;100.024
63;36.629;100.024
64;36.6292;100.025
65;36.6293;100.025
66;36.6294;100.025
67;36.6296;100.026
68;36.6297;100.026
69;36.6299;100.027
70;36.63;100.027
71;36.6302;100.027
72;36.6303;100.028
73;36.6305;100.028
74;36.6306;100.029
75;36.6308;100.029
76;36.6309;100.029
77;36.631;100.03
78;36.6312;100.03
79;36.6313;100.03
80;36.6315;100.031
81;36.6316;100.031
82;36.6317;100.032
83;36.6319;100.032
84;36.632;100.032
85;36.6322;100.033
86;36.6323;100.033
87;36.6325;100.034
88;36.6326;100.034
89;36.6328;100.034
90;36.6329;100.035
91;36.633;100.035
92;36.6332;100.035
93;36.6333;100.036
94;36.6335;100.036
95;36.6336;100.037
96;36.6338;100.037
97;36.6339;100.037
98;36.634;100.038
99;36.6342;100.038
100;36.6343;100.039
101;36.6344;100.039
102;36.6346;100.039
103;36.6347;100.04
104;36.6348;100.04
105;36.635;100.04
106;36.6351;100.041
107;36.6353;100.041
108;36.6354;100.042
109;36.6356;100.042
110;36.6357;100.042
111;36.6359;100.043
112;36.636;100.043
113;36.6361;100.044
114;36.6363;100.044
115;36.6364;100.044
116;36.6366;100.045
117;36.6367;100.045
118;36.6369;100.046
119;36.637;100.046
120;36.6371;100.046
121;36.6373;100.047
122;36.6374;100.047
123;36.6375;100.047
124;36.6377;100.048
125;36.6378;100.048
126;36.6379;100.048
127;36.6381;100.049
128;36.6382;100.049
129;36.6384;100.05
130;36.6385;100.05
131;36.6386;100.05
132;36.6388;100.051
133;36.6389;100.051
134;36.6391;100.052
135;36.6392;100.052
136;36.6394;100.052
137;36.6395;100.053
138;36.6396;100.053
139;36.6397;100.053
140;36.6399;100.054
141;36.64;100.054
142;36.6402;100.055
143;36.6403;100.055
144;36.6405;100.055
145;36.6406;100.056
146;36.6408;100.056
147;36.6409;100.057
148;36.641;100.057
149;36.6412;100.057
150;36.6413;100.058
151;36.6415;100.058
152;36.6416;100.059
153;36.6417;100.059
154;36.6419;100.059
155;36.642;100.06
156;36.6421;100.06
157;36.6423;100.06
158;36.6424;100.061
159;36.6425;100.061
160;36.6427;100.061
161;36.6428;100.062
162;36.643;100.062
163;36.6431;100.063
164;36.6433;100.063
165;36.6434;100.063
166;36.6435;100.064
167;36.6437;100.064
168;36.6438;100.065
169;36.6439;100.065
170;36.6441;100.065
171;36.6442;100.066
172;36.6444;100.066
173;36.6445;100.067
174;36.6447;100.067
175;36.6448;100.067
176;36.6449;100.068
177;36.6451;100.068
178;36.6452;100.068
179;36.6454;100.069
180;36.6455;100.069
181;36.6457;100.07
182;36.6458;100.07
183;36.646;100.07
184;36.6461;100.071
185;36.6462;100.071
186;36.6464;100.072
187;36.6465;100.072
188;36.6467;100.072
189;36.6468;100.073
190;36.6469;100.073
191;36.6471;100.073
192;36.6472;100.074
193;36.6473;100.074
194;36.6475;100.075
195;36.6477;100.075
196;36.6478;100.075
197;36.6479;100.076
198;36.6481;100.076
199;36.6482;100.077
200;36.6484;100.077
201;36.6485;100.077
202;36.6486;100.078
203;36.6488;100.078
204;36.6489;100.079
205;36.649;100.079
206;36.6492;100.079
207;36.6493;100.08
208;36.6494;100.08
209;36.6496;100.08
210;36.6497;100.081
211;36.6499;100.081
212;36.65;100.081
213;36.6502;100.082
214;36.6503;100.082
215;36.6504;100.083
216;36.6506;100.083
217;36.6507;100.083
218;36.6508;100.084
219;36.6509;100.084
220;36.6511;100.084
221;36.6512;100.085
222;36.6514;100.085
223;36.6515;100.086
224;36.6517;100.086
225;36.6518;100.086
226;36.6519;100.087
227;36.6521;100.087
228;36.6522;100.087
229;36.6523;100.088
230;36.6525;100.088
231;36.6526;100.089
232;36.6528;100.089
233;36.6529;100.09
234;36.6531;100.09
235;36.6532;100.09
236;36.6534;100.091
237;36.6535;100.091
238;36.6537;100.091
239;36.6538;100.092
240;36.6539;100.092
241;36.654;100.092
242;36.6542;100.093
243;36.6543;100.093
244;36.6544;100.094
245;36.6546;100.094
246;36.6547;100.094
247;36.6549;100.095
248;36.655;100.095
249;36.6552;100.096
250;36.6553;100.096
251;36.6555;100.096
252;36.6556;100.097
253;36.6557;100.097
254;36.6558;100.097
255;36.656;100.098
256;36.6561;100.098
257;36.6563;100.099
258;36.6564;100.099
259;36.6566;100.099
260;36.6567;100.1
261;36.6568;100.1
262;36.657;100.101
263;36.6571;100.101
264;36.6572;100.101
265;36.6574;100.102
266;36.6575;100.102
267;36.6577;100.102
268;36.6578;100.103
269;36.6579;100.103
270;36.6581;100.104
271;36.6582;100.104
272;36.6584;100.104
273;36.6585;100.105
274;36.6586;100.105
275;36.6588;100.105
276;36.6589;100.106
277;36.659;100.106
278;36.6592;100.106
279;36.6593;100.107
280;36.6595;100.107
281;36.6596;100.108
282;36.6597;100.108
283;36.6599;100.108
284;36.66;100.109
285;36.6602;100.109
286;36.6603;100.11
287;36.6604;100.11
288;36.6606;100.11
289;36.6607;100.111
290;36.6608;100.111
291;36.661;100.111
292;36.6611;100.112
293;36.6612;100.112
294;36.6614;100.112
295;36.6615;100.113
296;36.6617;100.113
297;36.6618;100.114
298;36.6619;100.114
299;36.6621;100.114
300;36.6622;100.115
301;36.6623;100.115
302;36.6625;100.115
303;36.6626;100.116
304;36.6628;100.116
305;36.6629;100.117
306;36.663;100.117
307;36.6632;100.117
308;36.6633;100.118
309;36.6634;100.118
310;36.6635;100.118
311;36.6637;100.119
312;36.6638;100.119
313;36.664;100.12
314;36.6641;100.12
315;36.6643;100.12
316;36.6644;100.121
317;36.6645;100.121
318;36.6647;100.122
319;36.6648;100.122
320;36.6649;100.122
321;36.6651;100.123
322;36.6652;100.123
323;36.6654;100.123
324;36.6655;100.124
325;36.6656;100.124
326;36.6658;100.125
327;36.6659;100.125
328;36.6661;100.125
329;36.6662;100.126
330;36.6663;100.126
331;36.6665;100.126
332;36.6666;100.127
333;36.6667;100.127
334;36.6669;100.128
335;36.667;100.128
336;36.6671;100.128
337;36.6673;100.129
338;36.6674;100.129
339;36.6676;100.129
340;36.6677;100.13
341;36.6679;100.13
342;36.668;100.131
343;36.6681;100.131
344;36.6682;100.131
345;36.6684;100.132
346;36.6685;100.132
347;36.6686;100.132
348;36.6688;100.133
349;36.6689;100.133
350;36.6691;100.134
351;36.6692;100.134
352;36.6693;100.134
353;36.6695;100.135
354;36.6696;100.135
355;36.6697;100.135
356;36.6699;100.136
357;36.67;100.136
358;36.6701;100.136
359;36.6703;100.137
360;36.6704;100.137
361;36.6706;100.138
362;36.6707;100.138
363;36.6709;100.138
364;36.671;100.139
365;36.6711;100.139
366;36.6712;100.139
367;36.6714;100.14
368;36.6715;100.14
369;36.6716;100.141
370;36.6718;100.141
371;36.6719;100.141
372;36.6721;100.142
373;36.6722;100.142
374;36.6723;100.142
375;36.6725;100.143
376;36.6726;100.143
377;36.6727;100.144
378;36.6728;100.144
379;36.673;100.144
380;36.6731;100.145
381;36.6732;100.145
382;36.6734;100.145
383;36.6735;100.146
384;36.6737;100.146
385;36.6738;100.146
386;36.6739;100.147
387;36.6741;100.147
388;36.6742;100.148
389;36.6743;100.148
390;36.6745;100.148
391;36.6746;100.149
392;36.6747;100.149
393;36.6749;100.149
394;36.675;100.15
395;36.6751;100.15
396;36.6753;100.151
397;36.6754;100.151
398;36.6756;100.151
399;36.6757;100.152
400;36.6759;100.152
401;36.676;100.152
402;36.6761;100.153
403;36.6763;100.153
404;36.6764;100.154
405;36.6766;100.154
406;36.6767;100.154
407;36.6768;100.155
408;36.677;100.155
409;36.6771;100.156
410;36.6773;100.156
411;36.6774;100.156
412;36.6775;100.157
413;36.6777;100.157
414;36.6778;100.157
415;36.678;100.158
416;36.6781;100.158
417;36.6782;100.158
418;36.6784;100.159
419;36.6785;100.159
420;36.6786;100.16
421;36.6787;100.16
422;36.6789;100.16
423;36.679;100.161
424;36.6792;100.161
425;36.6793;100.162
426;36.6795;100.162
427;36.6796;100.162
428;36.6797;100.163
429;36.6799;100.163
430;36.68;100.163
431;36.6802;100.164
432;36.6803;100.164
433;36.6804;100.165
434;36.6806;100.165
435;36.6807;100.165
436;36.6808;100.166
437;36.681;100.166
438;36.6811;100.166
439;36.6812;100.167
440;36.6813;100.167
441;36.6815;100.167
442;36.6816;100.168
443;36.6817;100.168
444;36.6819;100.169
445;36.682;100.169
446;36.6822;100.169
447;36.6823;100.17
448;36.6824;100.17
449;36.6825;100.17
450;36.6827;100.171
451;36.6828;100.171
452;36.683;100.172
453;36.6831;100.172
454;36.6833;100.172
455;36.6834;100.173
456;36.6835;100.173
457;36.6837;100.173
458;36.6838;100.174
459;36.684;100.174
460;36.6841;100.175
461;36.6842;100.175
462;36.6844;100.175
463;36.6845;100.176
464;36.6846;100.176
465;36.6848;100.176
466;36.6849;100.177
467;36.6851;100.177
468;36.6852;100.178
469;36.6854;100.178
470;36.6855;100.178
471;36.6856;100.179
472;36.6858;100.179
473;36.6859;100.18
474;36.6861;100.18
475;36.6862;100.18
476;36.6863;100.181
477;36.6865;100.181
478;36.6866;100.181
479;36.6867;100.182
480;36.6869;100.182
481;36.687;100.183
482;36.6871;100.183
483;36.6873;100.183
484;36.6874;100.184
485;36.6876;100.184
486;36.6877;100.184
487;36.6879;100.185
488;36.688;100.185
489;36.6881;100.186
490;36.6883;100.186
491;36.6884;100.186
492;36.6885;100.187
493;36.6887;100.187
494;36.6888;100.187
495;36.689;100.188
496;36.6891;100.188
497;36.6893;100.189
498;36.6894;100.189
499;36.6895;100.189
500;36.6897;100.19
501;36.6898;100.19
502;36.6899;100.19
503;36.69;100.191
504;36.6902;100.191
505;36.6903;100.192
506;36.6904;100.192
507;36.6906;100.192
508;36.6908;100.193
509;36.6909;100.193
510;36.691;100.193
511;36.6912;100.194
512;36.6913;100.194
513;36.6914;100.195
514;36.6916;100.195
515;36.6917;100.195
516;36.6918;100.196
517;36.692;100.196
518;36.6921;100.196
519;36.6922;100.197
520;36.6924;100.197
521;36.6925;100.198
522;36.6926;100.198
523;36.6928;100.198
524;36.6929;100.199
525;36.6931;100.199
526;36.6932;100.199
527;36.6933;100.2
528;36.6935;100.2
529;36.6936;100.201
530;36.6937;100.201
531;36.6938;100.201
532;36.694;100.202
533;36.6941;100.202
534;36.6943;100.202
535;36.6944;100.203
536;36.6945;100.203
537;36.6947;100.203
538;36.6948;100.204
539;36.6949;100.204
540;36.6951;100.205
541;36.6952;100.205
542;36.6954;100.205
543;36.6955;100.206
544;36.6956;100.206
545;36.6958;100.206
546;36.6959;100.207
547;36.696;100.207
548;36.6962;100.208
549;36.6963;100.208
550;36.6964;100.208
551;36.6966;100.209
552;36.6967;100.209
553;36.6968;100.209
554;36.697;100.21
555;36.6971;100.21
556;36.6972;100.21
557;36.6974;100.211
558;36.6975;100.211
559;36.6977;100.212
560;36.6978;100.212
561;36.6979;100.212
562;36.6981;100.213
563;36.6982;100.213
564;36.6983;100.213
565;36.6985;100.214
566;36.6986;100.214
567;36.6987;100.215
568;36.6989;100.215
569;36.699;100.215
570;36.6992;100.216
571;36.6993;100.216
572;36.6994;100.216
573;36.6996;100.217
574;36.6997;100.217
575;36.6998;100.218
576;36.6999;100.218
577;36.7001;100.218
578;36.7002;100.219
579;36.7003;100.219
580;36.7005;100.219
581;36.7006;100.22
582;36.7008;100.22
583;36.7009;100.22
584;36.701;100.221
585;36.7011;100.221
586;36.7013;100.222
587;36.7014;100.222
588;36.7016;100.222
589;36.7017;100.223
590;36.7018;100.223
591;36.702;100.223
592;36.7021;100.224
593;36.7023;100.224
594;36.7024;100.225
595;36.7025;100.225
596;36.7027;100.225
597;36.7028;100.226
598;36.7029;100.226
599;36.7031;100.226
600;36.7032;100.227
601;36.7033;100.227
602;36.7034;100.227
603;36.7036;100.228
604;36.7037;100.228
605;36.7039;100.229
606;36.704;100.229
607;36.7041;100.229
608;36.7043;100.23
609;36.7044;100.23
610;36.7045;100.23
611;36.7046;100.231
612;36.7048;100.231
613;36.7049;100.231
614;36.7051;100.232
615;36.7052;100.232
616;36.7054;100.233
617;36.7055;100.233
618;36.7056;100.233
619;36.7058;100.234
620;36.7059;100.234
621;36.706;100.234
622;36.7061;100.235
623;36.7063;100.235
624;36.7064;100.236
625;36.7065;100.236
626;36.7066;100.236
627;36.7068;100.237
628;36.7069;100.237
629;36.7071;100.237
630;36.7072;100.238
631;36.7073;100.238
632;36.7075;100.238
633;36.7076;100.239
634;36.7077;100.239
635;36.7079;100.24
636;36.708;100.24
637;36.7081;100.24
638;36.7083;100.241
639;36.7084;100.241
640;36.7085;100.241
641;36.7087;100.242
642;36.7088;100.242
643;36.7089;100.242
644;36.7091;100.243
645;36.7092;100.243
646;36.7093;100.243
647;36.7094;100.244
648;36.7096;100.244
649;36.7097;100.244
650;36.7098;100.245
651;36.71;100.245
652;36.7101;100.246
653;36.7103;100.246
654;36.7104;100.246
655;36.7106;100.247
656;36.7107;100.247
657;36.7108;100.248
658;36.7109;100.248
659;36.7111;100.248
660;36.7112;100.249
661;36.7113;100.249
662;36.7115;100.249
663;36.7116;100.25
664;36.7117;100.25
665;36.7119;100.25
666;36.712;100.251
667;36.7121;100.251
668;36.7122;100.251
669;36.7124;100.252
670;36.7125;100.252
671;36.7127;100.253
672;36.7128;100.253
673;36.7129;100.253
674;36.7131;100.254
675;36.7132;100.254
676;36.7134;100.254
677;36.7135;100.255
678;36.7136;100.255
679;36.7138;100.256
680;36.7139;100.256
681;36.714;100.256
682;36.7141;100.257
683;36.7143;100.257
684;36.7144;100.257
685;36.7145;100.258
686;36.7146;100.258
687;36.7148;100.258
688;36.7149;100.259
689;36.715;100.259
690;36.7152;100.259
691;36.7153;100.26
692;36.7154;100.26
693;36.7155;100.26
694;36.7157;100.261
695;36.7158;100.261
696;36.716;100.262
697;36.7161;100.262
698;36.7163;100.262
699;36.7164;100.263
700;36.7165;100.263
701;36.7167;100.264
702;36.7168;100.264
703;36.7169;100.264
704;36.7171;100.265
705;36.7172;100.265
706;36.7173;100.265
707;36.7175;100.266
708;36.7176;100.266
709;36.7177;100.266
710;36.7178;100.267
711;36.718;100.267
712;36.7181;100.267
713;36.7183;100.268
714;36.7184;100.268
715;36.7185;100.269
716;36.7186;100.269
717;36.7188;100.269
718;36.7189;100.27
719;36.719;100.27
720;36.7192;100.27
721;36.7193;100.271
722;36.7194;100.271
723;36.7196;100.271
724;36.7197;100.272
725;36.7198;100.272
726;36.72;100.273
727;36.7201;100.273
728;36.7202;100.273
729;36.7204;100.274
730;36.7205;100.274
731;36.7206;100.274
732;36.7207;100.275
733;36.7209;100.275
734;36.721;100.275
735;36.7211;100.276
736;36.7213;100.276
737;36.7214;100.276
738;36.7215;100.277
739;36.7217;100.277
740;36.7218;100.278
741;36.7219;100.278
742;36.7221;100.278
743;36.7222;100.279
744;36.7224;100.279
745;36.7225;100.279
746;36.7226;100.28
747;36.7228;100.28
748;36.7229;100.281
749;36.723;100.281
750;36.7232;100.281
751;36.7233;100.282
752;36.7235;100.282
753;36.7236;100.282
754;36.7237;100.283
755;36.7239;100.283
756;36.724;100.284
757;36.7241;100.284
758;36.7243;100.284
759;36.7244;100.285
760;36.7245;100.285
761;36.7247;100.285
762;36.7248;100.286
763;36.725;100.286
764;36.7251;100.287
765;36.7252;100.287
766;36.7254;100.287
767;36.7255;100.288
768;36.7257;100.288
769;36.7258;100.288
770;36.7259;100.289
771;36.726;100.289
772;36.7262;100.289
773;36.7263;100.29
774;36.7264;100.29
775;36.7266;100.291
776;36.7267;100.291
777;36.7268;100.291
778;36.727;100.292
779;36.7271;100.292
780;36.7272;100.292
781;36.7274;100.293
782;36.7275;100.293
783;36.7276;100.293
784;36.7277;100.294
785;36.7279;100.294
786;36.728;100.294
787;36.7281;100.295
788;36.7283;100.295
789;36.7284;100.296
790;36.7286;100.296
791;36.7287;100.296
792;36.7288;100.297
793;36.729;100.297
794;36.7291;100.297
795;36.7292;100.298
796;36.7293;100.298
797;36.7295;100.299
798;36.7296;100.299
799;36.7297;100.299
800;36.7299;100.3
801;36.73;100.3
802;36.7302;100.3
803;36.7303;100.301
804;36.7304;100.301
805;36.7305;100.301
806;36.7307;100.302
807;36.7308;100.302
808;36.7309;100.303
809;36.7311;100.303
810;36.7312;100.303
811;36.7313;100.304
812;36.7315;100.304
813;36.7316;100.304
814;36.7317;100.305
815;36.7318;100.305
816;36.732;100.305
817;36.7321;100.306
818;36.7322;100.306
819;36.7324;100.306
820;36.7325;100.307
821;36.7327;100.307
822;36.7328;100.307
823;36.7329;100.308
824;36.733;100.308
825;36.7332;100.309
826;36.7333;100.309
827;36.7334;100.309
828;36.7336;100.31
829;36.7337;100.31
830;36.7338;100.31
831;36.734;100.311
832;36.7341;100.311
833;36.7343;100.312
834;36.7344;100.312
835;36.7345;100.312
836;36.7347;100.313
837;36.7348;100.313
838;36.7349;100.313
839;36.7351;100.314
840;36.7352;100.314
841;36.7353;100.314
842;36.7354;100.315
843;36.7356;100.315
844;36.7357;100.316
845;36.7358;100.316
846;36.736;100.316
847;36.7361;100.317
848;36.7362;100.317
849;36.7364;100.317
850;36.7365;100.318
851;36.7366;100.318
852;36.7368;100.318
853;36.7369;100.319
854;36.737;100.319
855;36.7372;100.319
856;36.7373;100.32
857;36.7374;100.32
858;36.7375;100.321
859;36.7377;100.321
860;36.7378;100.321
861;36.7379;100.322
862;36.7381;100.322
863;36.7382;100.322
864;36.7383;100.323
865;36.7385;100.323
866;36.7386;100.323
867;36.7387;100.324
868;36.7388;100.324
869;36.739;100.324
870;36.7391;100.325
871;36.7392;100.325
872;36.7394;100.325
873;36.7395;100.326
874;36.7396;100.326
875;36.7398;100.327
876;36.7399;100.327
877;36.74;100.327
878;36.7402;100.328
879;36.7403;100.328
880;36.7404;100.328
881;36.7406;100.329
882;36.7407;100.329
883;36.7408;100.329
884;36.741;100.33
885;36.7411;100.33
886;36.7412;100.331
887;36.7414;100.331
888;36.7415;100.331
889;36.7416;100.332
890;36.7418;100.332
891;36.7419;100.332
892;36.742;100.333
893;36.7422;100.333
894;36.7423;100.333
895;36.7424;100.334
896;36.7425;100.334
897;36.7427;100.335
898;36.7428;100.335
899;36.7429;100.335
900;36.7431;100.336
901;36.7432;100.336
902;36.7433;100.336
903;36.7435;100.337
904;36.7436;100.337
905;36.7437;100.337
906;36.7438;100.338
907;36.744;100.338
908;36.7441;100.338
909;36.7442;100.339
910;36.7444;100.339
911;36.7445;100.34
912;36.7446;100.34
913;36.7448;100.34
914;36.7449;100.341
915;36.745;100.341
916;36.7452;100.341
917;36.7453;100.342
918;36.7454;100.342
919;36.7456;100.342
920;36.7457;100.343
921;36.7458;100.343
922;36.7459;100.343
923;36.7461;100.344
924;36.7462;100.344
925;36.7463;100.344
926;36.7464;100.345
927;36.7466;100.345
928;36.7467;100.346
929;36.7469;100.346
930;36.747;100.346
931;36.7471;100.347
932;36.7472;100.347
933;36.7473;100.347
934;36.7475;100.348
935;36.7476;100.348
936;36.7477;100.348
937;36.7479;100.349
938;36.748;100.349
939;36.7481;100.349
940;36.7483;100.35
941;36.7484;100.35
942;36.7485;100.35
943;36.7487;100.351
944;36.7488;100.351
945;36.7489;100.352
946;36.7491;100.352
947;36.7492;100.352
948;36.7493;100.353
949;36.7495;100.353
950;36.7496;100.353
951;36.7497;100.354
952;36.7498;100.354
953;36.7499;100.354
954;36.7501;100.355
955;36.7502;100.355
956;36.7503;100.355
957;36.7505;100.356
958;36.7506;100.356
959;36.7507;100.356
960;36.7508;100.357
961;36.751;100.357
962;36.7511;100.358
963;36.7513;100.358
964;36.7514;100.358
965;36.7515;100.359
966;36.7516;100.359
967;36.7518;100.359
968;36.7519;100.36
969;36.752;100.36
970;36.7521;100.36
971;36.7523;100.361
972;36.7524;100.361
973;36.7525;100.361
974;36.7527;100.362
975;36.7528;100.362
976;36.7529;100.363
977;36.7531;100.363
978;36.7532;100.363
979;36.7533;100.364
980;36.7534;100.364
981;36.7536;100.364
982;36.7537;100.365
983;36.7538;100.365
984;36.7539;100.365
985;36.7541;100.366
986;36.7542;100.366
987;36.7543;100.366
988;36.7545;100.367
989;36.7546;100.367
990;36.7547;100.367
991;36.7548;100.368
992;36.755;100.368
993;36.7551;100.368
994;36.7552;100.369
995;36.7553;100.369
996;36.7554;100.369
997;36.7556;100.37
998;36.7557;100.37
999;36.7559;100.371
1000;36.756;100.371
