theta_deg;power;Reflec_Percent
-90;784.168;70.7107
-89.427;786.254;70.8988
-88.8541;788.334;71.0863
-88.2811;790.408;71.2733
-87.7082;792.476;71.4598
-87.1352;794.538;71.6458
-86.5623;796.594;71.8311
-85.9893;798.642;72.0159
-85.4163;800.685;72.2
-84.8434;802.72;72.3836
-84.2704;804.749;72.5665
-83.6975;806.77;72.7487
-83.1245;808.784;72.9304
-82.5515;810.791;73.1113
-81.9786;812.79;73.2916
-81.4056;814.781;73.4712
-80.8327;816.765;73.65
-80.2597;818.74;73.8281
-79.6868;820.708;74.0056
-79.1138;822.667;74.1822
-78.5408;824.618;74.3581
-77.9679;826.56;74.5332
-77.3949;828.493;74.7076
-76.822;830.418;74.8812
-76.249;832.334;75.0539
-75.6761;834.241;75.2259
-75.1031;836.138;75.3969
-74.5302;838.026;75.5672
-73.9572;839.905;75.7366
-73.3842;841.774;75.9052
-72.8113;843.634;76.0728
-72.2383;845.483;76.2396
-71.6654;847.323;76.4055
-71.0924;849.153;76.5705
-70.5195;850.972;76.7346
-69.9465;852.782;76.8977
-69.3735;854.58;77.06
-68.8006;856.369;77.2212
-68.2276;858.146;77.3815
-67.6547;859.913;77.5408
-67.0817;861.669;77.6992
-66.5087;863.415;77.8566
-65.9358;865.149;78.0129
-65.3628;866.872;78.1683
-64.7899;868.583;78.3226
-64.2169;870.284;78.4759
-63.644;871.972;78.6282
-63.071;873.649;78.7795
-62.498;875.315;78.9296
-61.9251;876.969;79.0788
-61.3521;878.61;79.2268
-60.7792;880.24;79.3738
-60.2062;881.858;79.5196
-59.6333;883.464;79.6644
-59.0603;885.057;79.8081
-58.4874;886.638;79.9507
-57.9144;888.206;80.0921
-57.3414;889.762;80.2324
-56.7685;891.306;80.3716
-56.1955;892.836;80.5096
-55.6226;894.354;80.6465
-55.0496;895.859;80.7822
-54.4766;897.351;80.9167
-53.9037;898.83;81.05
-53.3307;900.295;81.1822
-52.7578;901.748;81.3132
-52.1848;903.187;81.4429
-51.6119;904.613;81.5715
-51.0389;906.025;81.6989
-50.4659;907.424;81.825
-49.893;908.809;81.9499
-49.32;910.181;82.0736
-48.7471;911.538;82.196
-48.1741;912.882;82.3172
-47.6012;914.212;82.4371
-47.0282;915.528;82.5558
-46.4552;916.83;82.6732
-45.8823;918.118;82.7893
-45.3093;919.391;82.9041
-44.7364;920.65;83.0177
-44.1634;921.895;83.1299
-43.5905;923.126;83.2409
-43.0175;924.342;83.3505
-42.4445;925.543;83.4589
-41.8716;926.73;83.5659
-41.2986;927.902;83.6716
-40.7257;929.06;83.776
-40.1527;930.203;83.879
-39.5797;931.331;83.9807
-39.0067;932.444;84.0811
-38.4338;933.542;84.1801
-37.8608;934.625;84.2778
-37.2878;935.693;84.3741
-36.7149;936.745;84.469
-36.1419;937.783;84.5626
-35.5689;938.805;84.6548
-34.996;939.812;84.7456
-34.423;940.804;84.835
-33.85;941.781;84.9231
-33.277;942.742;85.0097
-32.7041;943.687;85.095
-32.1311;944.617;85.1788
-31.5581;945.531;85.2613
-30.9852;946.43;85.3423
-30.4122;947.313;85.4219
-29.8392;948.18;85.5001
-29.2662;949.032;85.5769
-28.6933;949.868;85.6523
-28.1203;950.688;85.7262
-27.5473;951.492;85.7987
-26.9743;952.28;85.8698
-26.4014;953.052;85.9394
-25.8284;953.808;86.0076
-25.2554;954.548;86.0743
-24.6825;955.272;86.1396
-24.1095;955.98;86.2034
-23.5365;956.672;86.2658
-22.9636;957.347;86.3267
-22.3906;958.007;86.3862
-21.8176;958.65;86.4442
-21.2446;959.277;86.5007
-20.6717;959.887;86.5557
-20.0987;960.481;86.6093
-19.5257;961.059;86.6614
-18.9528;961.62;86.712
-18.3798;962.165;86.7612
-17.8068;962.694;86.8088
-17.2339;963.206;86.855
-16.6609;963.701;86.8997
-16.0879;964.18;86.9429
-15.5149;964.643;86.9846
-14.942;965.089;87.0248
-14.369;965.518;87.0635
-13.796;965.931;87.1007
-13.2231;966.327;87.1364
-12.6501;966.706;87.1706
-12.0771;967.069;87.2033
-11.5042;967.415;87.2345
-10.9312;967.744;87.2642
-10.3582;968.057;87.2924
-9.78522;968.352;87.3191
-9.21225;968.631;87.3442
-8.63928;968.894;87.3679
-8.06631;969.139;87.39
-7.49335;969.368;87.4107
-6.92038;969.58;87.4298
-6.34741;969.775;87.4474
-5.77444;969.953;87.4634
-5.20145;970.115;87.478
-4.62848;970.259;87.4911
-4.05551;970.387;87.5026
-3.48254;970.498;87.5126
-2.90958;970.592;87.521
-2.33661;970.669;87.528
-1.76364;970.73;87.5335
-1.19067;970.773;87.5374
-0.617706;970.8;87.5398
-0.0447083;970.81;87.5407
0.528259;970.802;87.54
1.10123;970.779;87.5379
1.67419;970.738;87.5342
2.24716;970.68;87.529
2.82013;970.605;87.5222
3.3931;970.514;87.514
3.96606;970.406;87.5042
4.53903;970.28;87.4929
5.11203;970.138;87.4801
5.685;969.98;87.4658
6.25797;969.804;87.45
6.83093;969.611;87.4326
7.4039;969.402;87.4137
7.97687;969.176;87.3933
8.54984;968.933;87.3715
9.1228;968.673;87.348
9.69577;968.397;87.3231
10.2687;968.104;87.2967
10.8417;967.794;87.2687
11.4147;967.467;87.2393
11.9877;967.124;87.2083
12.5606;966.764;87.1758
13.1336;966.387;87.1419
13.7066;965.994;87.1064
14.2795;965.583;87.0694
14.8525;965.157;87.0309
15.4255;964.714;86.991
15.9985;964.254;86.9495
16.5714;963.777;86.9065
17.1444;963.284;86.8621
17.7174;962.775;86.8162
18.2903;962.249;86.7687
18.8633;961.706;86.7198
19.4363;961.148;86.6694
20.0092;960.573;86.6176
20.5822;959.981;86.5642
21.1552;959.373;86.5094
21.7282;958.749;86.4531
22.3011;958.108;86.3953
22.8741;957.451;86.3361
23.4471;956.778;86.2754
24.0201;956.089;86.2133
24.593;955.384;86.1497
25.166;954.662;86.0846
25.739;953.925;86.0181
26.312;953.171;85.9501
26.8849;952.401;85.8807
27.4579;951.616;85.8099
28.0309;950.814;85.7376
28.6038;949.997;85.6639
29.1768;949.164;85.5888
29.7498;948.315;85.5122
30.3227;947.45;85.4342
30.8957;946.569;85.3548
31.4687;945.673;85.274
32.0417;944.761;85.1918
32.6146;943.833;85.1081
33.1876;942.89;85.0231
33.7606;941.932;84.9367
34.3335;940.958;84.8488
34.9065;939.968;84.7596
35.4795;938.964;84.669
36.0524;937.944;84.577
36.6254;936.908;84.4837
37.1984;935.858;84.389
37.7714;934.792;84.2929
38.3443;933.712;84.1954
38.9173;932.616;84.0966
39.4903;931.505;83.9965
40.0632;930.38;83.895
40.6362;929.239;83.7922
41.2092;928.084;83.688
41.7822;926.914;83.5825
42.3551;925.729;83.4757
42.9281;924.53;83.3675
43.5011;923.316;83.2581
44.074;922.088;83.1473
44.647;920.845;83.0352
45.22;919.588;82.9219
45.7929;918.317;82.8073
46.3659;917.032;82.6914
46.9389;915.732;82.5741
47.5119;914.418;82.4557
48.0848;913.09;82.3359
48.6578;911.749;82.215
49.2308;910.393;82.0927
49.8037;909.024;81.9693
50.3767;907.641;81.8445
50.9497;906.244;81.7186
51.5226;904.834;81.5914
52.0956;903.41;81.4631
52.6686;901.973;81.3335
53.2416;900.522;81.2027
53.8145;899.059;81.0707
54.3875;897.582;80.9375
54.9605;896.092;80.8032
55.5334;894.589;80.6676
56.1064;893.073;80.531
56.6794;891.544;80.3931
57.2524;890.003;80.2541
57.8253;888.449;80.114
58.3983;886.883;79.9727
58.9713;885.303;79.8303
59.5443;883.712;79.6868
60.1172;882.108;79.5422
60.6902;880.492;79.3965
61.2632;878.864;79.2497
61.8361;877.224;79.1018
62.4091;875.572;78.9529
62.9821;873.909;78.8028
63.5551;872.233;78.6518
64.128;870.546;78.4996
64.701;868.848;78.3465
65.274;867.138;78.1923
65.8469;865.417;78.0371
66.4199;863.684;77.8809
66.9929;861.941;77.7237
67.5659;860.186;77.5654
68.1388;858.421;77.4063
68.7118;856.645;77.2461
69.2848;854.858;77.085
69.8577;853.061;76.9229
70.4307;851.253;76.7599
71.0037;849.435;76.596
71.5766;847.607;76.4312
72.1496;845.769;76.2654
72.7226;843.921;76.0987
73.2956;842.063;75.9312
73.8685;840.195;75.7628
74.4415;838.318;75.5935
75.0145;836.431;75.4233
75.5874;834.535;75.2524
76.1604;832.629;75.0806
76.7334;830.715;74.9079
77.3063;828.792;74.7345
77.8793;826.859;74.5603
78.4523;824.918;74.3852
79.0253;822.969;74.2094
79.5982;821.011;74.0329
80.1712;819.045;73.8556
80.7442;817.07;73.6776
81.3171;815.088;73.4988
81.8901;813.098;73.3194
82.4631;811.1;73.1392
83.0361;809.094;72.9584
83.609;807.081;72.7768
84.182;805.061;72.5947
84.755;803.034;72.4118
85.3279;800.999;72.2284
85.9009;798.958;72.0443
86.4739;796.91;71.8596
87.0468;794.855;71.6744
87.6198;792.794;71.4885
88.1928;790.727;71.3021
88.7658;788.654;71.1152
89.3387;786.575;70.9277
89.9117;784.49;70.7397
