NDA;J;POWER;ReflPercent;ZEN;Sz
1;974.971;713.17;73.1478;1.5708;0.997539
2;974.981;712.665;73.0953;0.0701775;0.997645
3;974.982;712.115;73.0387;0.0686383;0.997758
4;974.977;711.52;72.9781;0.066981;0.997875
5;974.963;710.879;72.9134;0.0652067;0.997996
6;974.941;710.192;72.8446;0.0633151;0.998121
7;974.912;709.461;72.7719;0.0613069;0.998249
8;974.871;708.683;72.695;0.0591834;0.998379
9;974.822;707.859;72.6142;0.0569443;0.99851
10;974.765;706.991;72.5293;0.0545906;0.998642
11;974.699;706.076;72.4404;0.0521241;0.998773
12;974.622;705.116;72.3476;0.0495434;0.998903
13;974.537;704.11;72.2507;0.0468513;0.99903
14;974.442;703.058;72.1498;0.0440464;0.999154
15;974.336;701.961;72.0451;0.0411317;0.999274
16;974.22;700.818;71.9363;0.038107;0.999388
17;974.095;699.63;71.8236;0.0349744;0.999497
18;973.959;698.398;71.7071;0.0317321;0.999597
19;973.812;697.119;71.5865;0.0283843;0.999689
20;973.654;695.794;71.4622;0.0249293;0.999772
21;973.485;694.425;71.3339;0.0213707;0.999843
22;973.304;693.01;71.2018;0.0177067;0.999903
23;973.113;691.551;71.0659;0.0139397;0.999949
24;972.909;690.045;70.926;0.0100721;0.999981
25;972.693;688.5;70.7829;0.00609864;0.999998
26;972.465;688.368;70.7859;0.00204263;0.999998
27;972.225;689.662;70.9364;0.00212837;0.99998
28;971.973;690.974;71.0898;0.00639444;0.999942
29;971.708;692.306;71.2463;0.0107533;0.999884
30;971.429;693.655;71.4056;0.0152076;0.999805
31;971.138;695.022;71.5678;0.0197531;0.999703
32;970.833;696.405;71.7328;0.0243927;0.999576
33;970.513;697.803;71.9004;0.0291224;0.999424
34;970.182;699.217;72.0707;0.0339398;0.999246
35;969.836;700.643;72.2434;0.0388461;0.999039
36;969.476;702.082;72.4187;0.0438375;0.998804
37;969.102;703.533;72.5964;0.0489135;0.998538
38;968.713;704.994;72.7763;0.0540737;0.998241
39;968.308;706.464;72.9586;0.0593143;0.997912
40;967.891;707.944;73.1429;0.0646362;0.997549
41;967.458;709.431;73.3294;0.0700354;0.99715
42;967.008;710.924;73.5179;0.0755123;0.996716
43;966.545;712.423;73.7083;0.0810644;0.996245
44;966.065;713.927;73.9005;0.0866898;0.995735
45;965.571;715.435;74.0945;0.0923877;0.995187
46;965.059;716.944;74.2901;0.098156;0.994598
47;964.534;718.456;74.4874;0.103992;0.993968
48;963.992;719.968;74.6862;0.109896;0.993295
49;963.433;721.48;74.8864;0.115864;0.99258
50;962.859;722.991;75.088;0.121896;0.991821
51;962.267;724.498;75.2908;0.12799;0.991016
52;961.66;726.004;75.4948;0.134143;0.990166
53;961.038;727.505;75.6999;0.140354;0.98927
54;960.397;729;75.9061;0.146621;0.988327
55;959.74;730.489;76.1132;0.152943;0.987336
56;959.069;731.972;76.3212;0.159317;0.986296
57;958.378;733.445;76.5299;0.165741;0.985208
58;957.674;734.912;76.7393;0.172214;0.98407
59;956.951;736.367;76.9493;0.178734;0.982881
60;956.211;737.812;77.1599;0.185298;0.981643
61;955.457;739.246;77.3709;0.191906;0.980353
62;954.686;740.667;77.5823;0.198554;0.979012
63;953.896;742.074;77.794;0.205241;0.977619
64;953.09;743.466;78.0059;0.211965;0.976175
65;952.269;744.845;78.2179;0.218724;0.974679
66;951.429;746.206;78.43;0.225515;0.973131
67;950.574;747.551;78.6421;0.232338;0.97153
68;949.702;748.879;78.854;0.239189;0.969878
69;948.814;750.188;79.0658;0.246068;0.968173
70;947.91;751.479;79.2774;0.252971;0.966416
71;946.993;752.752;79.4886;0.259897;0.964608
72;946.057;754.002;79.6995;0.266844;0.962748
73;945.105;755.232;79.9098;0.273809;0.960837
74;944.137;756.439;80.1197;0.280791;0.958874
75;943.158;757.628;80.3289;0.287788;0.956861
76;942.159;758.79;80.5374;0.294797;0.954798
77;941.145;759.929;80.7452;0.301816;0.952686
78;940.116;761.044;80.9522;0.308844;0.950524
79;939.074;762.137;81.1583;0.315878;0.948314
80;938.018;763.204;81.3634;0.322916;0.946057
81;936.947;764.245;81.5676;0.329956;0.943752
82;935.86;765.259;81.7707;0.336996;0.941401
83;934.763;766.25;81.9726;0.344035;0.939006
84;933.651;767.212;82.1733;0.351069;0.936566
85;932.521;768.144;82.3729;0.358096;0.934082
86;931.382;769.052;82.5711;0.365116;0.931557
87;930.232;769.934;82.7679;0.372125;0.92899
88;929.069;770.787;82.9633;0.379122;0.926383
89;927.893;771.61;83.1572;0.386104;0.923738
90;926.706;772.406;83.3496;0.393069;0.921055
91;925.506;773.172;83.5405;0.400016;0.918336
92;924.296;773.91;83.7297;0.406942;0.915582
93;923.075;774.619;83.9172;0.413845;0.912794
94;921.844;775.299;84.1031;0.420723;0.909974
95;920.606;775.953;84.2871;0.427575;0.907124
96;919.357;776.575;84.4694;0.434397;0.904245
97;918.098;777.167;84.6498;0.441189;0.901338
98;916.83;777.731;84.8283;0.447948;0.898405
99;915.558;778.269;85.0049;0.454672;0.895449
100;914.276;778.775;85.1795;0.461359;0.892469
101;912.987;779.253;85.3521;0.468007;0.889469
102;911.692;779.703;85.5226;0.474614;0.88645
103;910.391;780.124;85.6911;0.481178;0.883414
104;909.085;780.517;85.8575;0.487698;0.880362
105;907.775;780.884;86.0218;0.494171;0.877297
106;906.46;781.222;86.1838;0.500596;0.87422
107;905.141;781.532;86.3437;0.506969;0.871133
108;903.818;781.815;86.5014;0.513291;0.868039
109;902.495;782.073;86.6568;0.519558;0.864938
110;901.168;782.303;86.8099;0.525769;0.861833
111;899.841;782.509;86.9607;0.531923;0.858727
112;898.515;782.69;87.1092;0.538016;0.85562
113;897.185;782.842;87.2554;0.544048;0.852516
114;895.859;782.974;87.3992;0.550017;0.849415
115;894.536;783.083;87.5407;0.55592;0.846321
116;893.211;783.165;87.6797;0.561757;0.843234
117;891.892;783.227;87.8164;0.567525;0.840158
118;890.575;783.266;87.9506;0.573222;0.837093
119;889.261;783.281;88.0823;0.578848;0.834043
120;887.951;783.276;88.2116;0.5844;0.831009
121;886.652;783.255;88.3385;0.589877;0.827993
122;885.355;783.21;88.4629;0.595277;0.824998
123;884.066;783.148;88.5848;0.600598;0.822025
124;882.784;783.067;88.7042;0.605839;0.819075
125;881.514;782.97;88.8211;0.610999;0.816153
126;880.251;782.855;88.9355;0.616075;0.813258
127;879;782.726;89.0473;0.621067;0.810394
128;877.758;782.58;89.1567;0.625973;0.807561
129;876.527;782.419;89.2635;0.630791;0.804763
130;875.312;782.248;89.3678;0.63552;0.802001
131;874.11;782.063;89.4696;0.640158;0.799277
132;872.921;781.865;89.5689;0.644705;0.796593
133;871.744;781.655;89.6656;0.649159;0.79395
134;870.589;781.438;89.7597;0.653518;0.791351
135;869.445;781.209;89.8514;0.657781;0.788797
136;868.321;780.973;89.9405;0.661948;0.78629
137;867.214;780.727;90.027;0.666016;0.783831
138;866.127;780.476;90.1111;0.669985;0.781423
139;865.057;780.217;90.1926;0.673853;0.779068
140;864.01;779.955;90.2715;0.677619;0.776766
141;862.983;779.687;90.348;0.681283;0.774519
142;861.977;779.416;90.4219;0.684842;0.772329
143;860.995;779.142;90.4932;0.688297;0.770198
144;860.037;778.867;90.5621;0.691645;0.768126
145;859.099;778.587;90.6284;0.694887;0.766116
146;858.19;778.312;90.6922;0.69802;0.764169
147;857.306;778.035;90.7535;0.701044;0.762286
148;856.445;777.758;90.8123;0.703959;0.760468
149;855.612;777.483;90.8686;0.706763;0.758717
150;854.808;777.212;90.9224;0.709456;0.757033
151;854.029;776.941;90.9737;0.712036;0.755419
152;853.281;776.678;91.0225;0.714503;0.753875
153;852.562;776.418;91.0688;0.716857;0.752402
154;851.874;776.165;91.1126;0.719095;0.751001
155;851.214;775.915;91.1539;0.721219;0.749674
156;850.586;775.673;91.1928;0.723227;0.748421
157;849.989;775.438;91.2291;0.725119;0.747243
158;849.423;775.209;91.2631;0.726893;0.74614
159;848.89;774.99;91.2945;0.728551;0.745115
160;848.389;774.778;91.3234;0.73009;0.744166
161;847.92;774.575;91.35;0.731511;0.743296
162;847.484;774.38;91.374;0.732813;0.742504
163;847.084;774.198;91.3956;0.733995;0.741791
164;846.717;774.024;91.4147;0.735059;0.741158
165;846.383;773.859;91.4314;0.736002;0.740606
166;846.083;773.706;91.4456;0.736825;0.740133
167;845.82;773.565;91.4574;0.737528;0.739742
168;845.592;773.435;91.4667;0.73811;0.739431
169;845.397;773.315;91.4736;0.738572;0.739202
170;845.238;773.207;91.4781;0.738912;0.739054
171;845.113;773.109;91.48;0.739132;0.738988
172;845.024;773.024;91.4796;0.73923;0.739003
173;844.971;772.951;91.4767;0.739207;0.7391
174;844.95;772.887;91.4713;0.739064;0.739278
175;844.967;772.837;91.4635;0.738799;0.739538
176;845.017;772.796;91.4533;0.738413;0.739879
177;845.103;772.767;91.4406;0.737906;0.740301
178;845.224;772.749;91.4254;0.737279;0.740803
179;845.38;772.743;91.4078;0.736531;0.741386
180;845.569;772.747;91.3878;0.735662;0.742049
181;845.792;772.761;91.3653;0.734674;0.742792
182;846.051;772.785;91.3403;0.733566;0.743613
183;846.343;772.82;91.3129;0.732338;0.744513
184;846.668;772.864;91.283;0.730992;0.74549
185;847.023;772.913;91.2506;0.729526;0.746545
186;847.413;772.975;91.2158;0.727943;0.747675
187;847.834;773.042;91.1785;0.726242;0.748882
188;848.29;773.12;91.1387;0.724423;0.750163
189;848.774;773.203;91.0964;0.722488;0.751518
190;849.29;773.293;91.0517;0.720436;0.752946
191;849.833;773.386;91.0045;0.718269;0.754445
192;850.409;773.487;90.9547;0.715987;0.756016
193;851.015;773.594;90.9025;0.713591;0.757656
194;851.648;773.704;90.8478;0.711082;0.759365
195;852.31;773.817;90.7906;0.708459;0.761142
196;852.999;773.933;90.7308;0.705725;0.762984
197;853.715;774.051;90.6686;0.702879;0.764892
198;854.455;774.169;90.6038;0.699923;0.766863
199;855.225;774.291;90.5366;0.696858;0.768896
200;856.016;774.41;90.4668;0.693684;0.77099
201;856.833;774.529;90.3944;0.690402;0.773144
202;857.672;774.646;90.3196;0.687014;0.775355
203;858.536;774.762;90.2422;0.68352;0.777622
204;859.421;774.874;90.1623;0.679921;0.779945
205;860.329;774.983;90.0799;0.676219;0.78232
206;861.257;775.087;89.9949;0.672414;0.784747
207;862.203;775.184;89.9074;0.668508;0.787224
208;863.171;775.277;89.8173;0.664502;0.789749
209;864.154;775.36;89.7247;0.660397;0.79232
210;865.159;775.439;89.6296;0.656194;0.794936
211;866.179;775.507;89.5319;0.651894;0.797595
212;867.216;775.567;89.4317;0.647499;0.800294
213;868.267;775.614;89.329;0.643011;0.803033
214;869.338;775.656;89.2238;0.638429;0.805809
215;870.418;775.682;89.116;0.633757;0.80862
216;871.514;775.697;89.0057;0.628994;0.811464
217;872.622;775.699;88.8929;0.624143;0.81434
218;873.742;775.687;88.7775;0.619205;0.817245
219;874.874;775.66;88.6597;0.614181;0.820178
220;876.016;775.619;88.5393;0.609074;0.823137
221;877.169;775.563;88.4165;0.603883;0.826119
222;878.329;775.487;88.2912;0.598612;0.829122
223;879.498;775.396;88.1634;0.593261;0.832145
224;880.677;775.288;88.0332;0.587832;0.835185
225;881.862;775.161;87.9005;0.582327;0.838241
226;883.056;775.018;87.7654;0.576747;0.84131
227;884.251;774.85;87.6279;0.571094;0.844391
228;885.451;774.663;87.4879;0.56537;0.84748
229;886.658;774.456;87.3456;0.559576;0.850577
230;887.868;774.229;87.2009;0.553714;0.85368
231;889.083;773.981;87.0538;0.547786;0.856785
232;890.299;773.709;86.9044;0.541793;0.859892
233;891.518;773.416;86.7527;0.535738;0.862998
234;892.736;773.098;86.5987;0.529622;0.866101
235;893.958;772.759;86.4425;0.523447;0.8692
236;895.179;772.397;86.284;0.517214;0.872292
237;896.399;772.009;86.1233;0.510927;0.875375
238;897.619;771.597;85.9604;0.504585;0.878448
239;898.838;771.161;85.7954;0.498192;0.881508
240;900.056;770.702;85.6282;0.491749;0.884554
241;901.27;770.215;85.4589;0.485259;0.887584
242;902.481;769.704;85.2876;0.478722;0.890597
243;903.689;769.168;85.1142;0.472141;0.893589
244;904.893;768.606;84.9389;0.465518;0.89656
245;906.094;768.019;84.7616;0.458855;0.899508
246;907.289;767.407;84.5823;0.452154;0.902431
247;908.48;766.769;84.4012;0.445417;0.905328
248;909.663;766.103;84.2183;0.438646;0.908196
249;910.843;765.414;84.0336;0.431842;0.911035
250;912.016;764.699;83.8471;0.425009;0.913843
251;913.183;763.959;83.6589;0.418147;0.916618
252;914.341;763.192;83.4691;0.411259;0.91936
253;915.492;762.4;83.2777;0.404347;0.922065
254;916.635;761.583;83.0847;0.397413;0.924735
255;917.769;760.741;82.8902;0.390459;0.927366
256;918.894;759.872;82.6942;0.383487;0.929957
257;920.013;758.982;82.4969;0.376499;0.932509
258;921.12;758.065;82.2982;0.369498;0.935019
259;922.222;757.128;82.0982;0.362485;0.937486
260;923.311;756.164;81.897;0.355462;0.939909
261;924.39;755.177;81.6946;0.348431;0.942288
262;925.458;754.166;81.4911;0.341396;0.944622
263;926.518;753.135;81.2866;0.334356;0.946909
264;927.565;752.08;81.0811;0.327316;0.949148
265;928.602;751.004;80.8747;0.320276;0.95134
266;929.628;749.907;80.6674;0.313239;0.953484
267;930.645;748.79;80.4593;0.306208;0.955578
268;931.648;747.652;80.2505;0.299183;0.957622
269;932.638;746.493;80.041;0.292167;0.959616
270;933.618;745.317;79.831;0.285162;0.961559
271;934.586;744.122;79.6204;0.278171;0.963452
272;935.541;742.908;79.4094;0.271195;0.965292
273;936.484;741.677;79.1981;0.264236;0.967081
274;937.414;740.43;78.9865;0.257297;0.968818
275;938.332;739.167;78.7746;0.250379;0.970504
276;939.239;737.89;78.5626;0.243485;0.972137
277;940.131;736.597;78.3505;0.236617;0.973717
278;941.013;735.293;78.1384;0.229776;0.975246
279;941.881;733.974;77.9264;0.222965;0.976723
280;942.735;732.642;77.7146;0.216185;0.978148
281;943.575;731.299;77.503;0.209439;0.979521
282;944.404;729.946;77.2917;0.202729;0.980842
283;945.217;728.582;77.0809;0.196056;0.982113
284;946.021;727.211;76.8705;0.189423;0.983333
285;946.809;725.831;76.6607;0.182832;0.984502
286;947.586;724.444;76.4515;0.176284;0.985622
287;948.348;723.05;76.2431;0.169781;0.986692
288;949.098;721.651;76.0354;0.163326;0.987713
289;949.835;720.248;75.8287;0.156921;0.988686
290;950.56;718.841;75.6229;0.150566;0.989612
291;951.27;717.43;75.4182;0.144265;0.990491
292;951.966;716.018;75.2146;0.138019;0.991323
293;952.65;714.604;75.0122;0.131829;0.99211
294;953.322;713.191;74.8112;0.125698;0.992853
295;953.98;711.779;74.6115;0.119627;0.993552
296;954.627;710.369;74.4133;0.113619;0.994209
297;955.26;708.961;74.2166;0.107675;0.994823
298;955.879;707.556;74.0215;0.101796;0.995397
299;956.485;706.156;73.8282;0.0959844;0.995931
300;957.083;704.764;73.6367;0.0902431;0.996426
301;957.665;703.376;73.447;0.0845719;0.996883
302;958.235;701.996;73.2593;0.0789735;0.997304
303;958.793;700.625;73.0736;0.0734497;0.997689
304;959.339;699.262;72.89;0.0680018;0.998039
305;959.874;697.911;72.7086;0.0626312;0.998357
306;960.396;696.57;72.5295;0.0573399;0.998642
307;960.906;695.242;72.3527;0.0521286;0.998896
308;961.406;693.927;72.1784;0.047;0.99912
309;961.892;692.625;72.0065;0.0419555;0.999316
310;962.369;691.339;71.8372;0.0369957;0.999484
311;962.835;690.069;71.6706;0.0321223;0.999626
312;963.288;688.815;71.5067;0.0273381;0.999744
313;963.732;687.579;71.3455;0.0226438;0.999837
314;964.164;686.363;71.1873;0.0180369;0.999909
315;964.586;685.165;71.032;0.0135273;0.999959
316;964.998;683.987;70.8796;0.0091088;0.999989
317;965.399;682.844;70.7318;0.00478416;1
318;965.79;684.135;70.8368;0.00059802;0.999994
319;966.171;685.778;70.979;0.00357147;0.999971
320;966.542;687.379;71.1173;0.00760373;0.999933
321;966.904;688.936;71.2518;0.0115343;0.999882
322;967.255;690.451;71.3825;0.0153636;0.999818
323;967.598;691.922;71.5093;0.0190933;0.999742
324;967.933;693.351;71.6322;0.0227174;0.999656
325;968.257;694.736;71.7512;0.0262365;0.99956
326;968.571;696.077;71.8664;0.0296519;0.999457
327;968.878;697.375;71.9775;0.0329614;0.999346
328;969.177;698.629;72.0848;0.0361612;0.99923
329;969.466;699.839;72.1881;0.0392538;0.999108
330;969.747;701.006;72.2875;0.0422374;0.998983
331;970.02;702.128;72.3828;0.0451111;0.998854
332;970.285;703.206;72.4742;0.0478736;0.998724
333;970.541;704.24;72.5616;0.0505242;0.998593
334;970.79;705.23;72.645;0.0530618;0.998461
335;971.031;706.176;72.7243;0.0554867;0.99833
336;971.265;707.077;72.7996;0.0577967;0.998201
337;971.49;707.934;72.8709;0.0599931;0.998074
338;971.707;708.745;72.9381;0.0620736;0.99795
339;971.918;709.513;73.0013;0.0640373;0.99783
340;972.123;710.237;73.0604;0.0658856;0.997715
341;972.319;710.916;73.1155;0.0676165;0.997605
342;972.51;711.55;73.1664;0.0692293;0.9975
343;972.691;712.139;73.2133;0.0707237;0.997402
344;972.865;712.683;73.2561;0.0721004;0.997311
345;973.034;713.183;73.2948;0.0733579;0.997226
346;973.196;713.64;73.3295;0.0744957;0.99715
347;973.35;714.049;73.36;0.0755139;0.997082
348;973.497;714.415;73.3864;0.0764124;0.997022
349;973.638;714.736;73.4088;0.0771908;0.996971
350;973.772;715.011;73.427;0.0778481;0.996929
351;973.899;715.242;73.4411;0.078385;0.996897
352;974.02;715.429;73.4511;0.0788011;0.996873
353;974.133;715.569;73.4571;0.0790966;0.99686
354;974.239;715.665;73.4588;0.0792706;0.996856
355;974.339;715.715;73.4565;0.0793233;0.996861
356;974.432;715.721;73.4501;0.0792548;0.996876
357;974.518;715.682;73.4396;0.0790656;0.9969
358;974.597;715.597;73.4249;0.0787556;0.996934
359;974.668;715.467;73.4062;0.0783241;0.996977
360;974.733;715.292;73.3834;0.0777722;0.997029
361;974.79;715.071;73.3564;0.0770995;0.99709
362;974.841;714.806;73.3254;0.0763069;0.997159
363;974.883;714.494;73.2902;0.0753937;0.997237
364;974.919;714.138;73.251;0.0743603;0.997322
365;974.947;713.736;73.2077;0.0732072;0.997414
