xpos;power;ReflPercent
-100;786.613;72.5604
-99.9;786.632;72.5622
-99.8;786.652;72.564
-99.7;786.672;72.5659
-99.6;786.691;72.5677
-99.5;786.711;72.5695
-99.4;786.731;72.5713
-99.3;786.751;72.5732
-99.2;786.771;72.575
-99.1;786.791;72.5768
-99;786.811;72.5787
-98.9;786.831;72.5805
-98.8;786.851;72.5824
-98.7;786.871;72.5842
-98.6;786.891;72.5861
-98.5;786.911;72.5879
-98.4;786.931;72.5898
-98.3;786.951;72.5917
-98.2;786.972;72.5936
-98.1;786.992;72.5954
-98;787.012;72.5973
-97.9;787.033;72.5992
-97.8;787.053;72.6011
-97.7;787.074;72.603
-97.6;787.094;72.6049
-97.5;787.115;72.6068
-97.4;787.135;72.6087
-97.3;787.156;72.6105
-97.2;787.177;72.6125
-97.1;787.198;72.6144
-97;787.218;72.6163
-96.9;787.239;72.6182
-96.8;787.26;72.6201
-96.7001;787.281;72.6221
-96.6001;787.302;72.624
-96.5001;787.323;72.6259
-96.4001;787.344;72.6279
-96.3001;787.365;72.6298
-96.2001;787.386;72.6318
-96.1001;787.407;72.6337
-96.0001;787.428;72.6357
-95.9001;787.45;72.6376
-95.8001;787.471;72.6396
-95.7001;787.492;72.6416
-95.6001;787.514;72.6435
-95.5001;787.535;72.6455
-95.4001;787.557;72.6475
-95.3001;787.578;72.6495
-95.2001;787.6;72.6515
-95.1001;787.621;72.6535
-95.0001;787.643;72.6554
-94.9001;787.664;72.6574
-94.8001;787.686;72.6594
-94.7001;787.708;72.6615
-94.6001;787.73;72.6635
-94.5001;787.752;72.6655
-94.4001;787.773;72.6675
-94.3001;787.795;72.6695
-94.2001;787.817;72.6716
-94.1001;787.84;72.6736
-94.0001;787.862;72.6756
-93.9001;787.884;72.6777
-93.8001;787.906;72.6797
-93.7001;787.928;72.6818
-93.6001;787.95;72.6838
-93.5001;787.973;72.6859
-93.4001;787.995;72.6879
-93.3001;788.017;72.69
-93.2001;788.04;72.6921
-93.1001;788.062;72.6941
-93.0001;788.085;72.6962
-92.9001;788.108;72.6983
-92.8001;788.13;72.7004
-92.7001;788.153;72.7025
-92.6001;788.176;72.7046
-92.5001;788.198;72.7067
-92.4001;788.221;72.7088
-92.3001;788.244;72.7109
-92.2001;788.267;72.713
-92.1001;788.29;72.7151
-92.0001;788.313;72.7173
-91.9001;788.336;72.7194
-91.8001;788.359;72.7215
-91.7001;788.382;72.7237
-91.6001;788.406;72.7258
-91.5001;788.429;72.728
-91.4001;788.452;72.7301
-91.3001;788.475;72.7323
-91.2001;788.499;72.7344
-91.1001;788.522;72.7366
-91.0001;788.546;72.7388
-90.9001;788.569;72.7409
-90.8001;788.593;72.7431
-90.7001;788.617;72.7453
-90.6001;788.64;72.7475
-90.5001;788.664;72.7497
-90.4001;788.688;72.7519
-90.3001;788.712;72.7541
-90.2001;788.736;72.7563
-90.1002;788.76;72.7585
-90.0002;788.784;72.7607
-89.9002;788.808;72.7629
-89.8002;788.832;72.7651
-89.7002;788.856;72.7674
-89.6002;788.88;72.7696
-89.5002;788.905;72.7719
-89.4002;788.929;72.7741
-89.3002;788.953;72.7763
-89.2002;788.978;72.7786
-89.1002;789.002;72.7809
-89.0002;789.027;72.7831
-88.9002;789.052;72.7854
-88.8002;789.076;72.7877
-88.7002;789.101;72.79
-88.6002;789.126;72.7922
-88.5002;789.15;72.7945
-88.4002;789.175;72.7968
-88.3002;789.2;72.7991
-88.2002;789.225;72.8014
-88.1002;789.25;72.8037
-88.0002;789.275;72.806
-87.9002;789.3;72.8083
-87.8002;789.326;72.8107
-87.7002;789.351;72.813
-87.6002;789.376;72.8153
-87.5002;789.402;72.8177
-87.4002;789.427;72.82
-87.3002;789.452;72.8224
-87.2002;789.478;72.8247
-87.1002;789.504;72.8271
-87.0002;789.529;72.8295
-86.9002;789.555;72.8318
-86.8002;789.581;72.8342
-86.7002;789.607;72.8366
-86.6002;789.633;72.839
-86.5002;789.658;72.8414
-86.4002;789.684;72.8438
-86.3002;789.711;72.8462
-86.2002;789.737;72.8486
-86.1002;789.763;72.851
-86.0002;789.789;72.8534
-85.9002;789.815;72.8558
-85.8002;789.842;72.8583
-85.7002;789.868;72.8607
-85.6002;789.894;72.8632
-85.5002;789.921;72.8656
-85.4002;789.948;72.868
-85.3002;789.974;72.8705
-85.2002;790.001;72.873
-85.1002;790.028;72.8754
-85.0002;790.055;72.8779
-84.9002;790.081;72.8804
-84.8002;790.108;72.8829
-84.7002;790.135;72.8854
-84.6002;790.162;72.8879
-84.5002;790.19;72.8904
-84.4002;790.217;72.8929
-84.3002;790.244;72.8954
-84.2002;790.271;72.8979
-84.1002;790.299;72.9004
-84.0002;790.326;72.903
-83.9002;790.354;72.9055
-83.8002;790.381;72.9081
-83.7002;790.409;72.9106
-83.6003;790.437;72.9132
-83.5003;790.464;72.9157
-83.4003;790.492;72.9183
-83.3003;790.52;72.9209
-83.2003;790.548;72.9234
-83.1003;790.576;72.926
-83.0003;790.604;72.9286
-82.9003;790.632;72.9312
-82.8003;790.661;72.9338
-82.7003;790.689;72.9364
-82.6003;790.717;72.939
-82.5003;790.746;72.9417
-82.4003;790.774;72.9443
-82.3003;790.803;72.9469
-82.2003;790.831;72.9496
-82.1003;790.86;72.9522
-82.0003;790.889;72.9549
-81.9003;790.917;72.9575
-81.8003;790.946;72.9602
-81.7003;790.975;72.9629
-81.6003;791.004;72.9655
-81.5003;791.033;72.9682
-81.4003;791.063;72.9709
-81.3003;791.092;72.9736
-81.2003;791.121;72.9763
-81.1003;791.15;72.979
-81.0003;791.18;72.9817
-80.9003;791.209;72.9844
-80.8003;791.239;72.9872
-80.7003;791.269;72.9899
-80.6003;791.298;72.9926
-80.5003;791.328;72.9954
-80.4003;791.358;72.9982
-80.3003;791.388;73.0009
-80.2003;791.418;73.0037
-80.1003;791.448;73.0065
-80.0003;791.478;73.0092
-79.9003;791.508;73.012
-79.8003;791.539;73.0148
-79.7003;791.569;73.0176
-79.6003;791.599;73.0204
-79.5003;791.63;73.0232
-79.4003;791.661;73.0261
-79.3003;791.691;73.0289
-79.2003;791.722;73.0317
-79.1003;791.753;73.0346
-79.0003;791.784;73.0374
-78.9003;791.815;73.0403
-78.8003;791.846;73.0431
-78.7003;791.877;73.046
-78.6003;791.908;73.0489
-78.5003;791.939;73.0518
-78.4003;791.971;73.0547
-78.3003;792.002;73.0576
-78.2003;792.034;73.0605
-78.1003;792.065;73.0634
-78.0003;792.097;73.0663
-77.9003;792.128;73.0692
-77.8003;792.16;73.0722
-77.7003;792.192;73.0751
-77.6003;792.224;73.078
-77.5003;792.256;73.081
-77.4003;792.288;73.084
-77.3003;792.32;73.0869
-77.2003;792.353;73.0899
-77.1003;792.385;73.0929
-77.0004;792.418;73.0959
-76.9004;792.45;73.0989
-76.8004;792.483;73.1019
-76.7004;792.515;73.1049
-76.6004;792.548;73.1079
-76.5004;792.581;73.111
-76.4004;792.614;73.114
-76.3004;792.647;73.1171
-76.2004;792.68;73.1201
-76.1004;792.713;73.1232
-76.0004;792.747;73.1262
-75.9004;792.78;73.1293
-75.8004;792.813;73.1324
-75.7004;792.847;73.1355
-75.6004;792.88;73.1386
-75.5004;792.914;73.1417
-75.4004;792.948;73.1448
-75.3004;792.982;73.1479
-75.2004;793.016;73.1511
-75.1004;793.05;73.1542
-75.0004;793.084;73.1574
-74.9004;793.118;73.1605
-74.8004;793.152;73.1637
-74.7004;793.187;73.1668
-74.6004;793.221;73.17
-74.5004;793.256;73.1732
-74.4004;793.29;73.1764
-74.3004;793.325;73.1796
-74.2004;793.36;73.1828
-74.1004;793.395;73.1861
-74.0004;793.43;73.1893
-73.9004;793.465;73.1925
-73.8004;793.5;73.1958
-73.7004;793.536;73.199
-73.6004;793.571;73.2023
-73.5004;793.606;73.2056
-73.4004;793.642;73.2088
-73.3004;793.678;73.2121
-73.2004;793.713;73.2154
-73.1004;793.749;73.2187
-73.0004;793.785;73.222
-72.9004;793.821;73.2254
-72.8004;793.857;73.2287
-72.7004;793.893;73.232
-72.6004;793.93;73.2354
-72.5004;793.966;73.2387
-72.4004;794.003;73.2421
-72.3004;794.039;73.2455
-72.2004;794.076;73.2489
-72.1004;794.113;73.2523
-72.0004;794.15;73.2557
-71.9004;794.187;73.2591
-71.8004;794.224;73.2625
-71.7004;794.261;73.2659
-71.6004;794.298;73.2694
-71.5004;794.336;73.2728
-71.4004;794.373;73.2763
-71.3004;794.411;73.2797
-71.2004;794.448;73.2832
-71.1004;794.486;73.2867
-71.0004;794.524;73.2902
-70.9004;794.562;73.2937
-70.8004;794.6;73.2972
-70.7004;794.638;73.3007
-70.6004;794.677;73.3043
-70.5005;794.715;73.3078
-70.4005;794.754;73.3114
-70.3005;794.792;73.3149
-70.2005;794.831;73.3185
-70.1005;794.87;73.3221
-70.0005;794.909;73.3257
-69.9005;794.948;73.3293
-69.8005;794.987;73.3329
-69.7005;795.026;73.3365
-69.6005;795.065;73.3401
-69.5005;795.105;73.3438
-69.4005;795.144;73.3474
-69.3005;795.184;73.3511
-69.2005;795.224;73.3548
-69.1005;795.264;73.3584
-69.0005;795.304;73.3621
-68.9005;795.344;73.3658
-68.8005;795.384;73.3695
-68.7005;795.424;73.3733
-68.6005;795.465;73.377
-68.5005;795.505;73.3807
-68.4005;795.546;73.3845
-68.3005;795.587;73.3882
-68.2005;795.628;73.392
-68.1005;795.669;73.3958
-68.0005;795.71;73.3996
-67.9005;795.751;73.4034
-67.8005;795.793;73.4072
-67.7005;795.834;73.411
-67.6005;795.876;73.4149
-67.5005;795.917;73.4187
-67.4005;795.959;73.4226
-67.3005;796.001;73.4265
-67.2005;796.043;73.4303
-67.1005;796.085;73.4342
-67.0005;796.128;73.4381
-66.9005;796.17;73.4421
-66.8005;796.213;73.446
-66.7005;796.255;73.4499
-66.6005;796.298;73.4538
-66.5005;796.341;73.4578
-66.4005;796.384;73.4618
-66.3005;796.427;73.4658
-66.2005;796.471;73.4698
-66.1005;796.514;73.4738
-66.0005;796.557;73.4778
-65.9005;796.601;73.4818
-65.8005;796.645;73.4858
-65.7005;796.689;73.4899
-65.6005;796.733;73.4939
-65.5005;796.777;73.498
-65.4005;796.821;73.5021
-65.3005;796.866;73.5062
-65.2005;796.91;73.5103
-65.1005;796.955;73.5144
-65.0005;797;73.5186
-64.9005;797.045;73.5227
-64.8005;797.09;73.5269
-64.7005;797.135;73.531
-64.6005;797.18;73.5352
-64.5005;797.226;73.5394
-64.4005;797.271;73.5436
-64.3005;797.317;73.5478
-64.2005;797.363;73.5521
-64.1005;797.409;73.5563
-64.0005;797.455;73.5606
-63.9006;797.501;73.5649
-63.8006;797.548;73.5691
-63.7006;797.594;73.5734
-63.6006;797.641;73.5777
-63.5006;797.688;73.582
-63.4006;797.735;73.5864
-63.3006;797.782;73.5907
-63.2006;797.829;73.5951
-63.1006;797.877;73.5995
-63.0006;797.924;73.6039
-62.9006;797.972;73.6082
-62.8006;798.02;73.6127
-62.7006;798.068;73.6171
-62.6006;798.116;73.6215
-62.5006;798.164;73.626
-62.4006;798.212;73.6304
-62.3006;798.261;73.6349
-62.2006;798.31;73.6394
-62.1006;798.359;73.6439
-62.0006;798.407;73.6484
-61.9006;798.457;73.653
-61.8006;798.506;73.6575
-61.7006;798.555;73.6621
-61.6006;798.605;73.6666
-61.5006;798.655;73.6712
-61.4006;798.705;73.6758
-61.3006;798.755;73.6805
-61.2006;798.805;73.6851
-61.1006;798.855;73.6897
-61.0006;798.906;73.6944
-60.9006;798.956;73.6991
-60.8006;799.007;73.7038
-60.7006;799.058;73.7085
-60.6006;799.109;73.7132
-60.5006;799.161;73.7179
-60.4006;799.212;73.7226
-60.3006;799.264;73.7274
-60.2006;799.315;73.7322
-60.1006;799.367;73.737
-60.0006;799.419;73.7418
-59.9006;799.472;73.7466
-59.8006;799.524;73.7514
-59.7006;799.577;73.7563
-59.6006;799.63;73.7612
-59.5006;799.682;73.766
-59.4006;799.736;73.7709
-59.3006;799.789;73.7759
-59.2006;799.842;73.7808
-59.1006;799.896;73.7857
-59.0006;799.95;73.7907
-58.9006;800.004;73.7957
-58.8006;800.058;73.8007
-58.7006;800.112;73.8057
-58.6006;800.167;73.8107
-58.5006;800.221;73.8157
-58.4006;800.276;73.8208
-58.3006;800.331;73.8259
-58.2006;800.386;73.8309
-58.1006;800.442;73.8361
-58.0006;800.497;73.8412
-57.9006;800.553;73.8463
-57.8006;800.609;73.8515
-57.7006;800.665;73.8567
-57.6006;800.721;73.8618
-57.5006;800.777;73.867
-57.4007;800.834;73.8723
-57.3007;800.891;73.8775
-57.2007;800.948;73.8828
-57.1007;801.005;73.888
-57.0007;801.062;73.8933
-56.9007;801.12;73.8986
-56.8007;801.178;73.904
-56.7007;801.236;73.9093
-56.6007;801.294;73.9147
-56.5007;801.352;73.92
-56.4007;801.411;73.9254
-56.3007;801.469;73.9308
-56.2007;801.528;73.9363
-56.1007;801.587;73.9417
-56.0007;801.647;73.9472
-55.9007;801.706;73.9527
-55.8007;801.766;73.9582
-55.7007;801.826;73.9637
-55.6007;801.886;73.9693
-55.5007;801.946;73.9748
-55.4007;802.006;73.9804
-55.3007;802.067;73.986
-55.2007;802.128;73.9916
-55.1007;802.189;73.9973
-55.0007;802.25;74.0029
-54.9007;802.312;74.0086
-54.8007;802.374;74.0143
-54.7007;802.436;74.02
-54.6007;802.498;74.0257
-54.5007;802.56;74.0315
-54.4007;802.623;74.0373
-54.3007;802.686;74.0431
-54.2007;802.749;74.0489
-54.1007;802.812;74.0547
-54.0007;802.875;74.0605
-53.9007;802.939;74.0664
-53.8007;803.003;74.0723
-53.7007;803.067;74.0782
-53.6007;803.131;74.0842
-53.5007;803.196;74.0901
-53.4007;803.26;74.0961
-53.3007;803.325;74.1021
-53.2007;803.391;74.1081
-53.1007;803.456;74.1141
-53.0007;803.522;74.1202
-52.9007;803.588;74.1263
-52.8007;803.654;74.1324
-52.7007;803.72;74.1385
-52.6007;803.787;74.1446
-52.5007;803.854;74.1508
-52.4007;803.921;74.157
-52.3007;803.988;74.1632
-52.2007;804.056;74.1694
-52.1007;804.123;74.1757
-52.0007;804.191;74.182
-51.9007;804.26;74.1883
-51.8007;804.328;74.1946
-51.7007;804.397;74.2009
-51.6007;804.466;74.2073
-51.5007;804.535;74.2137
-51.4007;804.605;74.2201
-51.3007;804.674;74.2265
-51.2007;804.745;74.233
-51.1007;804.815;74.2395
-51.0007;804.885;74.246
-50.9007;804.956;74.2525
-50.8008;805.027;74.259
-50.7008;805.098;74.2656
-50.6008;805.17;74.2722
-50.5008;805.242;74.2788
-50.4008;805.314;74.2855
-50.3008;805.386;74.2922
-50.2008;805.459;74.2989
-50.1008;805.532;74.3056
-50.0008;805.605;74.3123
-49.9008;805.678;74.3191
-49.8008;805.752;74.3259
-49.7008;805.826;74.3327
-49.6008;805.9;74.3396
-49.5008;805.974;74.3464
-49.4008;806.049;74.3533
-49.3008;806.124;74.3603
-49.2008;806.2;74.3672
-49.1008;806.275;74.3742
-49.0008;806.351;74.3812
-48.9008;806.427;74.3882
-48.8008;806.504;74.3953
-48.7008;806.58;74.4023
-48.6008;806.657;74.4094
-48.5008;806.735;74.4166
-48.4008;806.812;74.4237
-48.3008;806.89;74.4309
-48.2008;806.969;74.4381
-48.1008;807.047;74.4454
-48.0008;807.126;74.4527
-47.9008;807.205;74.4599
-47.8008;807.284;74.4673
-47.7008;807.364;74.4746
-47.6008;807.444;74.482
-47.5008;807.524;74.4894
-47.4008;807.605;74.4968
-47.3008;807.686;74.5043
-47.2008;807.767;74.5118
-47.1008;807.849;74.5193
-47.0008;807.931;74.5269
-46.9008;808.013;74.5345
-46.8008;808.096;74.5421
-46.7008;808.178;74.5497
-46.6008;808.261;74.5574
-46.5008;808.345;74.5651
-46.4008;808.429;74.5728
-46.3008;808.513;74.5806
-46.2008;808.598;74.5884
-46.1008;808.682;74.5962
-46.0008;808.768;74.6041
-45.9008;808.853;74.612
-45.8008;808.939;74.6199
-45.7008;809.025;74.6278
-45.6008;809.112;74.6358
-45.5008;809.198;74.6438
-45.4008;809.286;74.6519
-45.3008;809.373;74.6599
-45.2008;809.461;74.6681
-45.1008;809.549;74.6762
-45.0008;809.638;74.6844
-44.9008;809.727;74.6926
-44.8008;809.816;74.7008
-44.7008;809.906;74.7091
-44.6008;809.996;74.7174
-44.5008;810.086;74.7257
-44.4008;810.177;74.7341
-44.3008;810.268;74.7425
-44.2009;810.36;74.751
-44.1009;810.452;74.7595
-44.0009;810.544;74.768
-43.9009;810.637;74.7765
-43.8009;810.73;74.7851
-43.7009;810.823;74.7937
-43.6009;810.917;74.8024
-43.5009;811.011;74.8111
-43.4009;811.106;74.8198
-43.3009;811.201;74.8285
-43.2009;811.296;74.8373
-43.1009;811.392;74.8462
-43.0009;811.488;74.855
-42.9009;811.585;74.8639
-42.8009;811.682;74.8729
-42.7009;811.779;74.8819
-42.6009;811.877;74.8909
-42.5009;811.975;74.9
-42.4009;812.074;74.9091
-42.3009;812.173;74.9182
-42.2009;812.272;74.9274
-42.1009;812.372;74.9366
-42.0009;812.472;74.9458
-41.9009;812.573;74.9551
-41.8009;812.674;74.9645
-41.7009;812.776;74.9738
-41.6009;812.878;74.9833
-41.5009;812.981;74.9927
-41.4009;813.083;75.0022
-41.3009;813.187;75.0117
-41.2009;813.291;75.0213
-41.1009;813.395;75.0309
-41.0009;813.5;75.0406
-40.9009;813.605;75.0503
-40.8009;813.71;75.06
-40.7009;813.816;75.0698
-40.6009;813.923;75.0796
-40.5009;814.03;75.0895
-40.4009;814.137;75.0994
-40.3009;814.245;75.1094
-40.2009;814.354;75.1194
-40.1009;814.463;75.1294
-40.0009;814.572;75.1395
-39.9009;814.682;75.1497
-39.8009;814.792;75.1598
-39.7009;814.903;75.1701
-39.6009;815.015;75.1803
-39.5009;815.126;75.1907
-39.4009;815.239;75.201
-39.3009;815.352;75.2114
-39.2009;815.465;75.2219
-39.1009;815.579;75.2324
-39.0009;815.693;75.2429
-38.9009;815.808;75.2535
-38.8009;815.924;75.2642
-38.7009;816.04;75.2749
-38.6009;816.156;75.2856
-38.5009;816.273;75.2964
-38.4009;816.391;75.3073
-38.3009;816.509;75.3182
-38.2009;816.627;75.3291
-38.1009;816.746;75.3401
-38.0009;816.866;75.3511
-37.9009;816.986;75.3622
-37.8009;817.107;75.3734
-37.701;817.229;75.3846
-37.601;817.351;75.3958
-37.501;817.473;75.4071
-37.401;817.596;75.4185
-37.301;817.72;75.4299
-37.201;817.844;75.4413
-37.101;817.969;75.4529
-37.001;818.094;75.4644
-36.901;818.22;75.476
-36.801;818.347;75.4877
-36.701;818.474;75.4995
-36.601;818.602;75.5113
-36.501;818.73;75.5231
-36.401;818.859;75.535
-36.301;818.989;75.547
-36.201;819.119;75.559
-36.101;819.25;75.5711
-36.001;819.382;75.5832
-35.901;819.514;75.5954
-35.801;819.647;75.6076
-35.701;819.78;75.6199
-35.601;819.914;75.6323
-35.501;820.049;75.6447
-35.401;820.184;75.6572
-35.301;820.32;75.6697
-35.201;820.457;75.6824
-35.101;820.594;75.695
-35.001;820.732;75.7078
-34.901;820.871;75.7206
-34.801;821.01;75.7334
-34.701;821.15;75.7463
-34.601;821.291;75.7593
-34.501;821.433;75.7724
-34.401;821.575;75.7855
-34.301;821.718;75.7987
-34.201;821.861;75.8119
-34.101;822.006;75.8252
-34.001;822.151;75.8386
-33.901;822.296;75.852
-33.801;822.443;75.8656
-33.701;822.59;75.8791
-33.601;822.738;75.8928
-33.501;822.887;75.9065
-33.401;823.036;75.9203
-33.301;823.187;75.9342
-33.201;823.337;75.9481
-33.101;823.489;75.9621
-33.001;823.642;75.9761
-32.901;823.795;75.9903
-32.801;823.949;76.0045
-32.701;824.104;76.0188
-32.601;824.26;76.0331
-32.501;824.416;76.0476
-32.401;824.574;76.0621
-32.301;824.732;76.0767
-32.201;824.891;76.0914
-32.101;825.05;76.1061
-32.001;825.211;76.1209
-31.901;825.373;76.1358
-31.801;825.535;76.1508
-31.701;825.698;76.1658
-31.601;825.862;76.181
-31.501;826.027;76.1962
-31.401;826.193;76.2115
-31.301;826.359;76.2268
-31.201;826.527;76.2423
-31.101;826.695;76.2578
-31.001;826.865;76.2734
-30.901;827.035;76.2891
-30.801;827.206;76.3049
-30.701;827.378;76.3208
-30.601;827.551;76.3368
-30.501;827.725;76.3528
-30.401;827.9;76.3689
-30.301;828.076;76.3851
-30.201;828.252;76.4015
-30.101;828.43;76.4178
-30.001;828.609;76.4343
-29.901;828.788;76.4509
-29.801;828.969;76.4676
-29.701;829.151;76.4843
-29.601;829.333;76.5012
-29.501;829.517;76.5181
-29.401;829.702;76.5351
-29.301;829.887;76.5523
-29.201;830.074;76.5695
-29.101;830.262;76.5868
-29.001;830.451;76.6042
-28.901;830.64;76.6217
-28.801;830.831;76.6393
-28.701;831.023;76.6571
-28.601;831.216;76.6749
-28.501;831.411;76.6928
-28.401;831.606;76.7108
-28.301;831.802;76.7289
-28.201;832;76.7471
-28.101;832.198;76.7654
-28.001;832.398;76.7838
-27.901;832.599;76.8024
-27.801;832.801;76.821
-27.701;833.004;76.8397
-27.601;833.208;76.8586
-27.501;833.414;76.8775
-27.401;833.62;76.8966
-27.301;833.828;76.9158
-27.201;834.037;76.9351
-27.101;834.248;76.9545
-27.001;834.459;76.974
-26.901;834.672;76.9936
-26.801;834.886;77.0134
-26.701;835.101;77.0332
-26.601;835.318;77.0532
-26.501;835.536;77.0733
-26.401;835.755;77.0935
-26.301;835.975;77.1138
-26.201;836.197;77.1343
-26.101;836.42;77.1548
-26.001;836.644;77.1755
-25.901;836.87;77.1963
-25.801;837.097;77.2173
-25.701;837.325;77.2383
-25.601;837.555;77.2595
-25.501;837.786;77.2808
-25.401;838.018;77.3023
-25.301;838.252;77.3239
-25.201;838.487;77.3456
-25.101;838.724;77.3674
-25.001;838.962;77.3894
-24.901;839.202;77.4115
-24.801;839.443;77.4337
-24.701;839.686;77.4561
-24.601;839.93;77.4786
-24.501;840.175;77.5012
-24.401;840.422;77.524
-24.301;840.671;77.547
-24.201;840.921;77.57
-24.101;841.172;77.5932
-24.001;841.426;77.6166
-23.901;841.68;77.6401
-23.801;841.937;77.6637
-23.701;842.195;77.6875
-23.601;842.454;77.7115
-23.501;842.715;77.7356
-23.401;842.978;77.7598
-23.301;843.243;77.7842
-23.201;843.509;77.8087
-23.101;843.776;77.8334
-23.001;844.046;77.8583
-22.901;844.317;77.8833
-22.801;844.59;77.9085
-22.701;844.865;77.9338
-22.601;845.141;77.9593
-22.501;845.419;77.985
-22.401;845.699;78.0108
-22.301;845.981;78.0368
-22.201;846.264;78.0629
-22.101;846.549;78.0892
-22.001;846.837;78.1157
-21.901;847.126;78.1424
-21.801;847.417;78.1692
-21.701;847.709;78.1962
-21.601;848.004;78.2234
-21.501;848.3;78.2508
-21.401;848.599;78.2783
-21.301;848.899;78.306
-21.201;849.202;78.3339
-21.101;849.506;78.362
-21.001;849.812;78.3902
-20.901;850.121;78.4187
-20.801;850.431;78.4473
-20.701;850.743;78.4761
-20.601;851.058;78.5051
-20.501;851.374;78.5343
-20.401;851.693;78.5637
-20.301;852.014;78.5933
-20.201;852.336;78.6231
-20.101;852.661;78.653
-20.001;852.989;78.6832
-19.901;853.318;78.7136
-19.801;853.649;78.7442
-19.701;853.983;78.7749
-19.601;854.319;78.8059
-19.501;854.657;78.8371
-19.401;854.997;78.8685
-19.301;855.34;78.9001
-19.201;855.685;78.9319
-19.101;856.032;78.964
-19.001;856.382;78.9962
-18.901;856.734;79.0287
-18.801;857.088;79.0614
-18.701;857.445;79.0943
-18.601;857.804;79.1274
-18.501;858.166;79.1608
-18.401;858.529;79.1943
-18.301;858.896;79.2281
-18.201;859.265;79.2622
-18.101;859.636;79.2964
-18.001;860.01;79.3309
-17.901;860.386;79.3656
-17.801;860.765;79.4006
-17.701;861.147;79.4358
-17.601;861.531;79.4712
-17.501;861.918;79.5069
-17.401;862.307;79.5428
-17.301;862.699;79.579
-17.201;863.094;79.6154
-17.101;863.491;79.652
-17.001;863.891;79.6889
-16.901;864.294;79.7261
-16.801;864.699;79.7635
-16.701;865.108;79.8011
-16.601;865.519;79.8391
-16.501;865.932;79.8772
-16.401;866.349;79.9156
-16.301;866.768;79.9543
-16.201;867.191;79.9933
-16.101;867.616;80.0325
-16.001;868.044;80.072
-15.901;868.475;80.1117
-15.801;868.908;80.1517
-15.701;869.345;80.192
-15.601;869.785;80.2326
-15.501;870.228;80.2734
-15.401;870.673;80.3145
-15.301;871.122;80.3559
-15.201;871.573;80.3975
-15.101;872.028;80.4395
-15.001;872.486;80.4817
-14.901;872.946;80.5242
-14.801;873.41;80.567
-14.701;873.877;80.6101
-14.601;874.347;80.6534
-14.501;874.82;80.6971
-14.401;875.296;80.741
-14.301;875.776;80.7852
-14.201;876.258;80.8297
-14.101;876.744;80.8745
-14.001;877.233;80.9196
-13.901;877.725;80.965
-13.801;878.22;81.0107
-13.701;878.718;81.0566
-13.601;879.22;81.1029
-13.501;879.725;81.1495
-13.401;880.233;81.1963
-13.301;880.744;81.2435
-13.201;881.259;81.291
-13.101;881.776;81.3387
-13.001;882.297;81.3868
-12.901;882.822;81.4352
-12.801;883.349;81.4838
-12.701;883.88;81.5328
-12.601;884.414;81.582
-12.501;884.951;81.6316
-12.401;885.492;81.6814
-12.301;886.035;81.7316
-12.201;886.582;81.7821
-12.101;887.133;81.8328
-12.001;887.686;81.8839
-11.901;888.243;81.9352
-11.801;888.803;81.9869
-11.701;889.366;82.0388
-11.601;889.932;82.091
-11.501;890.501;82.1435
-11.401;891.074;82.1964
-11.301;891.65;82.2495
-11.201;892.228;82.3029
-11.101;892.81;82.3565
-11.001;893.395;82.4105
-10.901;893.983;82.4647
-10.801;894.574;82.5193
-10.701;895.168;82.574
-10.601;895.765;82.6291
-10.501;896.365;82.6844
-10.401;896.968;82.74
-10.301;897.573;82.7959
-10.201;898.182;82.852
-10.101;898.793;82.9084
-10.001;899.407;82.965
-9.90095;900.023;83.0219
-9.80095;900.642;83.079
-9.70095;901.264;83.1364
-9.60095;901.888;83.1939
-9.50095;902.515;83.2517
-9.40095;903.144;83.3097
-9.30095;903.775;83.368
-9.20095;904.408;83.4264
-9.10095;905.044;83.485
-9.00095;905.682;83.5438
-8.90095;906.321;83.6028
-8.80095;906.963;83.662
-8.70095;907.606;83.7213
-8.60095;908.251;83.7809
-8.50095;908.898;83.8405
-8.40095;909.546;83.9003
-8.30095;910.195;83.9602
-8.20095;910.846;84.0202
-8.10095;911.498;84.0804
-8.00095;912.151;84.1406
-7.90095;912.805;84.201
-7.80095;913.46;84.2614
-7.70095;914.116;84.3218
-7.60095;914.771;84.3823
-7.50095;915.428;84.4429
-7.40095;916.084;84.5034
-7.30095;916.741;84.564
-7.20095;917.398;84.6246
-7.10095;918.054;84.6851
-7.00095;918.71;84.7456
-6.90095;919.365;84.8061
-6.80095;920.02;84.8664
-6.70095;920.673;84.9267
-6.60095;921.326;84.9869
-6.50095;921.977;85.047
-6.40095;922.626;85.1069
-6.30095;923.274;85.1666
-6.20095;923.92;85.2262
-6.10095;924.564;85.2856
-6.00095;925.205;85.3447
-5.90095;925.843;85.4036
-5.80095;926.479;85.4623
-5.70095;927.112;85.5206
-5.60095;927.741;85.5787
-5.50095;928.367;85.6364
-5.40095;928.988;85.6938
-5.30095;929.606;85.7507
-5.20095;930.219;85.8073
-5.10095;930.828;85.8635
-5.00095;931.432;85.9191
-4.90095;932.03;85.9743
-4.80095;932.623;86.0291
-4.70095;933.211;86.0832
-4.60095;933.792;86.1369
-4.50095;934.367;86.1899
-4.40095;934.935;86.2423
-4.30095;935.497;86.2941
-4.20095;936.051;86.3452
-4.10095;936.597;86.3956
-4.00095;937.136;86.4453
-3.90095;937.667;86.4943
-3.80095;938.189;86.5424
-3.70095;938.702;86.5898
-3.60095;939.207;86.6363
-3.50095;939.702;86.682
-3.40095;940.187;86.7268
-3.30095;940.662;86.7706
-3.20095;941.128;86.8135
-3.10095;941.582;86.8554
-3.00095;942.026;86.8964
-2.90095;942.458;86.9362
-2.80095;942.879;86.9751
-2.70095;943.288;87.0128
-2.60095;943.685;87.0495
-2.50095;944.07;87.085
-2.40095;944.442;87.1193
-2.30095;944.802;87.1524
-2.20095;945.148;87.1844
-2.10095;945.48;87.215
-2.00095;945.8;87.2445
-1.90095;946.105;87.2726
-1.80095;946.396;87.2995
-1.70095;946.673;87.325
-1.60095;946.935;87.3492
-1.50095;947.182;87.372
-1.40095;947.414;87.3934
-1.30095;947.631;87.4135
-1.20095;947.833;87.4321
-1.10095;948.019;87.4493
-1.00095;948.19;87.465
-0.900952;948.345;87.4793
-0.800951;948.484;87.4921
-0.700951;948.607;87.5034
-0.600951;948.713;87.5133
-0.500951;948.804;87.5216
-0.400951;948.878;87.5285
-0.300951;948.936;87.5338
-0.200951;948.977;87.5376
-0.100951;949.002;87.5399
-0.000951426;949.01;87.5407
0.0990486;949.002;87.5399
0.199049;948.978;87.5377
0.299049;948.937;87.5339
0.399049;948.879;87.5286
0.499049;948.805;87.5218
0.599049;948.715;87.5135
0.699049;948.609;87.5036
0.799049;948.486;87.4923
0.899049;948.348;87.4795
0.999049;948.193;87.4653
1.09905;948.023;87.4496
1.19905;947.837;87.4324
1.29905;947.635;87.4138
1.39905;947.418;87.3938
1.49905;947.186;87.3724
1.59905;946.939;87.3496
1.69905;946.678;87.3255
1.79905;946.401;87.3
1.89905;946.11;87.2731
1.99905;945.806;87.245
2.09905;945.487;87.2156
2.19905;945.154;87.185
2.29905;944.808;87.153
2.39905;944.449;87.1199
2.49905;944.077;87.0856
2.59905;943.693;87.0501
2.69905;943.296;87.0135
2.79905;942.887;86.9758
2.89905;942.466;86.937
2.99905;942.034;86.8971
3.09905;941.59;86.8562
3.19905;941.136;86.8143
3.29905;940.671;86.7714
3.39905;940.196;86.7276
3.49905;939.711;86.6829
3.59905;939.216;86.6372
3.69905;938.712;86.5907
3.79905;938.199;86.5434
3.89905;937.677;86.4952
3.99905;937.146;86.4463
4.09905;936.608;86.3966
4.19905;936.061;86.3462
4.29905;935.507;86.2951
4.39905;934.946;86.2433
4.49905;934.378;86.1909
4.59905;933.803;86.1379
4.69905;933.222;86.0843
4.79905;932.635;86.0301
4.89905;932.042;85.9754
4.99905;931.443;85.9202
5.09905;930.84;85.8645
5.19905;930.231;85.8084
5.29905;929.618;85.7518
5.39905;929;85.6948
5.49905;928.379;85.6375
5.59905;927.753;85.5798
5.69905;927.124;85.5217
5.79905;926.491;85.4634
5.89905;925.856;85.4048
5.99905;925.217;85.3459
6.09905;924.576;85.2867
6.19905;923.932;85.2273
6.29905;923.286;85.1678
6.39904;922.639;85.108
6.49904;921.989;85.0481
6.59904;921.338;84.9881
6.69904;920.686;84.9279
6.79904;920.032;84.8676
6.89904;919.378;84.8072
6.99904;918.722;84.7468
7.09904;918.066;84.6863
7.19904;917.41;84.6257
7.29904;916.753;84.5651
7.39904;916.097;84.5046
7.49904;915.44;84.444
7.59904;914.784;84.3835
7.69904;914.128;84.323
7.79904;913.473;84.2625
7.89904;912.818;84.2021
7.99904;912.164;84.1418
8.09904;911.511;84.0815
8.19904;910.859;84.0214
8.29904;910.208;83.9613
8.39904;909.558;83.9014
8.49905;908.91;83.8416
8.59905;908.263;83.782
8.69905;907.618;83.7225
8.79905;906.975;83.6631
8.89905;906.333;83.604
8.99905;905.694;83.545
9.09905;905.056;83.4861
9.19905;904.42;83.4275
9.29905;903.787;83.3691
9.39905;903.156;83.3108
9.49905;902.527;83.2528
9.59905;901.9;83.195
9.69905;901.276;83.1375
9.79905;900.654;83.0801
9.89905;900.035;83.023
9.99905;899.419;82.9661
10.0991;898.805;82.9095
10.1991;898.193;82.8531
10.2991;897.585;82.797
10.3991;896.979;82.7411
10.4991;896.377;82.6855
10.5991;895.777;82.6302
10.6991;895.18;82.5751
10.7991;894.586;82.5203
10.8991;893.994;82.4658
10.9991;893.406;82.4115
11.0991;892.821;82.3576
11.1991;892.24;82.3039
11.2991;891.661;82.2505
11.3991;891.085;82.1974
11.4991;890.512;82.1445
11.5991;889.943;82.092
11.6991;889.376;82.0398
11.7991;888.813;81.9878
11.8991;888.253;81.9362
11.9991;887.697;81.8848
12.0991;887.143;81.8338
12.1991;886.593;81.783
12.2991;886.046;81.7326
12.3991;885.502;81.6824
12.4991;884.961;81.6325
12.5991;884.424;81.583
12.6991;883.89;81.5337
12.7991;883.359;81.4847
12.8991;882.832;81.4361
12.9991;882.307;81.3877
13.0991;881.786;81.3396
13.1991;881.268;81.2919
13.2991;880.754;81.2444
13.3991;880.243;81.1972
13.4991;879.734;81.1504
13.5991;879.23;81.1038
13.6991;878.728;81.0575
13.7991;878.229;81.0115
13.8991;877.734;80.9659
13.9991;877.242;80.9205
14.0991;876.753;80.8754
14.1991;876.267;80.8306
14.2991;875.785;80.786
14.3991;875.305;80.7418
14.4991;874.829;80.6979
14.5991;874.356;80.6542
14.6991;873.886;80.6109
14.7991;873.419;80.5678
14.8991;872.955;80.525
14.9991;872.494;80.4825
15.0991;872.037;80.4403
15.1991;871.582;80.3983
15.2991;871.13;80.3567
15.3991;870.682;80.3153
15.4991;870.236;80.2742
15.5991;869.793;80.2334
15.6991;869.354;80.1928
15.7991;868.917;80.1525
15.8991;868.483;80.1125
15.9991;868.052;80.0727
16.0991;867.624;80.0332
16.1991;867.199;79.994
16.2991;866.776;79.9551
16.3991;866.357;79.9164
16.4991;865.94;79.8779
16.5991;865.527;79.8398
16.6991;865.115;79.8018
16.7991;864.707;79.7642
16.8991;864.302;79.7268
16.9991;863.899;79.6896
17.0991;863.499;79.6527
17.1991;863.101;79.6161
17.2991;862.707;79.5797
17.3991;862.315;79.5435
17.4991;861.925;79.5076
17.5991;861.538;79.4719
17.6991;861.154;79.4364
17.7991;860.773;79.4013
17.8991;860.394;79.3663
17.9991;860.017;79.3316
18.0991;859.643;79.2971
18.1991;859.272;79.2628
18.2991;858.903;79.2288
18.3991;858.536;79.195
18.4991;858.172;79.1614
18.5991;857.811;79.128
18.6991;857.452;79.0949
18.7991;857.095;79.062
18.8991;856.741;79.0293
18.9991;856.389;78.9968
19.0991;856.039;78.9646
19.1991;855.692;78.9325
19.2991;855.346;78.9007
19.3991;855.004;78.8691
19.4991;854.663;78.8377
19.5991;854.325;78.8065
19.6991;853.989;78.7755
19.7991;853.656;78.7447
19.8991;853.324;78.7142
19.9991;852.995;78.6838
20.0991;852.668;78.6536
20.1991;852.343;78.6236
20.2991;852.02;78.5938
20.3991;851.699;78.5643
20.4991;851.38;78.5349
20.5991;851.064;78.5057
20.6991;850.749;78.4767
20.7991;850.437;78.4478
20.8991;850.127;78.4192
20.9991;849.818;78.3908
21.0991;849.512;78.3625
21.1991;849.207;78.3344
21.2991;848.905;78.3065
21.3991;848.605;78.2788
21.4991;848.306;78.2513
21.5991;848.009;78.2239
21.6991;847.715;78.1967
21.7991;847.422;78.1697
21.8991;847.131;78.1429
21.9991;846.842;78.1162
22.0991;846.555;78.0897
22.1991;846.27;78.0634
22.2991;845.986;78.0373
22.3991;845.704;78.0113
22.4991;845.424;77.9855
22.5991;845.146;77.9598
22.6991;844.87;77.9343
22.7991;844.595;77.909
22.8991;844.322;77.8838
22.9991;844.051;77.8588
23.0991;843.781;77.8339
23.1991;843.514;77.8092
23.2991;843.248;77.7847
23.3991;842.983;77.7603
23.4991;842.72;77.736
23.5991;842.459;77.7119
23.6991;842.2;77.688
23.7991;841.942;77.6642
23.8991;841.685;77.6405
23.9991;841.43;77.617
24.0991;841.177;77.5937
24.1991;840.926;77.5705
24.2991;840.675;77.5474
24.3991;840.427;77.5245
24.4991;840.18;77.5017
24.5991;839.934;77.479
24.6991;839.69;77.4565
24.7991;839.448;77.4341
24.8991;839.207;77.4119
24.9991;838.967;77.3898
25.0991;838.729;77.3678
25.1991;838.492;77.346
25.2991;838.257;77.3243
25.3991;838.023;77.3027
25.4991;837.79;77.2812
25.5991;837.559;77.2599
25.6991;837.329;77.2387
25.7991;837.101;77.2177
25.8991;836.874;77.1967
25.9991;836.648;77.1759
26.0991;836.424;77.1552
26.1991;836.201;77.1347
26.2991;835.979;77.1142
26.3991;835.759;77.0939
26.4991;835.54;77.0737
26.5991;835.322;77.0536
26.6991;835.105;77.0336
26.7991;834.89;77.0137
26.8991;834.676;76.994
26.9991;834.463;76.9744
27.0991;834.252;76.9548
27.1991;834.041;76.9354
27.2991;833.832;76.9162
27.3991;833.624;76.897
27.4991;833.418;76.8779
27.5991;833.212;76.859
27.6991;833.008;76.8401
27.7991;832.805;76.8214
27.8991;832.603;76.8027
27.9991;832.402;76.7842
28.0991;832.202;76.7658
28.1991;832.003;76.7474
28.2991;831.806;76.7292
28.3991;831.609;76.7111
28.4991;831.414;76.6931
28.5991;831.22;76.6752
28.6991;831.027;76.6574
28.7991;830.835;76.6397
28.8991;830.644;76.6221
28.9991;830.454;76.6046
29.0991;830.265;76.5871
29.1991;830.078;76.5698
29.2991;829.891;76.5526
29.3991;829.705;76.5355
29.4991;829.52;76.5184
29.5991;829.337;76.5015
29.6991;829.154;76.4846
29.7991;828.972;76.4679
29.8991;828.792;76.4512
29.9991;828.612;76.4346
30.0991;828.433;76.4181
30.1991;828.256;76.4018
30.2991;828.079;76.3854
30.3991;827.903;76.3692
30.4991;827.728;76.3531
30.5991;827.554;76.3371
30.6991;827.381;76.3211
30.7991;827.209;76.3052
30.8991;827.038;76.2894
30.9991;826.868;76.2737
31.0991;826.699;76.2581
31.1991;826.53;76.2426
31.2991;826.363;76.2271
31.3991;826.196;76.2117
31.4991;826.03;76.1965
31.5991;825.865;76.1812
31.6991;825.701;76.1661
31.7991;825.538;76.1511
31.8991;825.376;76.1361
31.9991;825.214;76.1212
32.0991;825.054;76.1064
32.1991;824.894;76.0916
32.2991;824.735;76.077
32.3991;824.577;76.0624
32.4991;824.419;76.0479
32.5991;824.263;76.0334
32.6991;824.107;76.0191
32.7991;823.952;76.0048
32.8991;823.798;75.9906
32.9991;823.645;75.9764
33.0991;823.492;75.9623
33.1991;823.34;75.9483
33.2991;823.189;75.9344
33.3991;823.039;75.9205
33.4991;822.89;75.9068
33.5991;822.741;75.893
33.6991;822.593;75.8794
33.7991;822.446;75.8658
33.8991;822.299;75.8523
33.9991;822.153;75.8388
34.0991;822.008;75.8255
34.1991;821.864;75.8122
34.2991;821.721;75.7989
34.3991;821.578;75.7857
34.4991;821.435;75.7726
34.5991;821.294;75.7596
34.6991;821.153;75.7466
34.7991;821.013;75.7337
34.8991;820.874;75.7208
34.9991;820.735;75.708
35.0991;820.597;75.6953
35.1991;820.459;75.6826
35.2991;820.323;75.67
35.3991;820.187;75.6574
35.4991;820.051;75.6449
35.5991;819.917;75.6325
35.6991;819.783;75.6201
35.7991;819.649;75.6078
35.8991;819.516;75.5956
35.9991;819.384;75.5834
36.0991;819.253;75.5713
36.1991;819.122;75.5592
36.2991;818.992;75.5472
36.3991;818.862;75.5352
36.4991;818.733;75.5233
36.5991;818.604;75.5115
36.6991;818.477;75.4997
36.7991;818.349;75.488
36.8991;818.223;75.4763
36.9991;818.097;75.4647
37.0991;817.971;75.4531
37.1991;817.846;75.4416
37.2991;817.722;75.4301
37.3991;817.599;75.4187
37.4991;817.475;75.4073
37.599;817.353;75.396
37.699;817.231;75.3848
37.799;817.11;75.3736
37.899;816.989;75.3624
37.999;816.868;75.3513
38.099;816.749;75.3403
38.199;816.63;75.3293
38.299;816.511;75.3184
38.399;816.393;75.3075
38.499;816.275;75.2966
38.599;816.158;75.2858
38.699;816.042;75.2751
38.799;815.926;75.2644
38.899;815.81;75.2537
38.999;815.695;75.2431
39.099;815.581;75.2326
39.199;815.467;75.2221
39.299;815.354;75.2116
39.399;815.241;75.2012
39.499;815.129;75.1908
39.599;815.017;75.1805
39.699;814.905;75.1703
39.799;814.794;75.16
39.899;814.684;75.1498
39.999;814.574;75.1397
40.099;814.465;75.1296
40.199;814.356;75.1196
40.299;814.247;75.1096
40.399;814.139;75.0996
40.499;814.032;75.0897
40.599;813.925;75.0798
40.699;813.818;75.07
40.799;813.712;75.0602
40.899;813.607;75.0505
40.999;813.502;75.0408
41.099;813.397;75.0311
41.199;813.292;75.0215
41.299;813.189;75.0119
41.399;813.085;75.0024
41.499;812.982;74.9929
41.599;812.88;74.9834
41.699;812.778;74.974
41.799;812.676;74.9646
41.899;812.575;74.9553
41.999;812.474;74.946
42.099;812.374;74.9368
42.199;812.274;74.9275
42.299;812.175;74.9184
42.399;812.076;74.9092
42.499;811.977;74.9001
42.599;811.879;74.8911
42.699;811.781;74.882
42.799;811.684;74.8731
42.899;811.587;74.8641
42.999;811.49;74.8552
43.099;811.394;74.8463
43.199;811.298;74.8375
43.299;811.203;74.8287
43.399;811.108;74.8199
43.499;811.013;74.8112
43.599;810.919;74.8025
43.699;810.825;74.7939
43.799;810.732;74.7853
43.899;810.638;74.7767
43.999;810.546;74.7681
44.0989;810.454;74.7596
44.1989;810.362;74.7511
44.2989;810.27;74.7427
44.3989;810.179;74.7343
44.4989;810.088;74.7259
44.5989;809.998;74.7176
44.6989;809.908;74.7093
44.7989;809.818;74.701
44.8989;809.729;74.6927
44.9989;809.64;74.6845
45.0989;809.551;74.6764
45.1989;809.463;74.6682
45.2989;809.375;74.6601
45.3989;809.287;74.652
45.4989;809.2;74.644
45.5989;809.113;74.636
45.6989;809.027;74.628
45.7989;808.94;74.62
45.8989;808.855;74.6121
45.9989;808.769;74.6042
46.0989;808.684;74.5964
46.1989;808.599;74.5885
46.2989;808.515;74.5808
46.3989;808.43;74.573
46.4989;808.347;74.5653
46.5989;808.263;74.5576
46.6989;808.18;74.5499
46.7989;808.097;74.5422
46.8989;808.015;74.5346
46.9989;807.932;74.527
47.0989;807.851;74.5195
47.1989;807.769;74.512
47.2989;807.688;74.5045
47.3989;807.607;74.497
47.4989;807.526;74.4896
47.5989;807.446;74.4821
47.6989;807.366;74.4748
47.7989;807.286;74.4674
47.8989;807.206;74.4601
47.9989;807.127;74.4528
48.0989;807.049;74.4455
48.1989;806.97;74.4383
48.2989;806.892;74.4311
48.3989;806.814;74.4239
48.4989;806.736;74.4167
48.5989;806.659;74.4096
48.6989;806.582;74.4025
48.7989;806.505;74.3954
48.8989;806.429;74.3883
48.9989;806.352;74.3813
49.0989;806.277;74.3743
49.1989;806.201;74.3673
49.2989;806.126;74.3604
49.3989;806.051;74.3535
49.4989;805.976;74.3466
49.5989;805.901;74.3397
49.6989;805.827;74.3328
49.7989;805.753;74.326
49.8989;805.679;74.3192
49.9989;805.606;74.3125
50.0989;805.533;74.3057
50.1989;805.46;74.299
50.2989;805.387;74.2923
50.3989;805.315;74.2856
50.4989;805.243;74.279
50.5989;805.171;74.2723
50.6988;805.1;74.2658
50.7988;805.028;74.2592
50.8988;804.957;74.2526
50.9988;804.887;74.2461
51.0988;804.816;74.2396
51.1988;804.746;74.2331
51.2988;804.676;74.2267
51.3988;804.606;74.2202
51.4988;804.537;74.2138
51.5988;804.467;74.2074
51.6988;804.398;74.201
51.7988;804.33;74.1947
51.8988;804.261;74.1884
51.9988;804.193;74.1821
52.0988;804.125;74.1758
52.1988;804.057;74.1695
52.2988;803.989;74.1633
52.3988;803.922;74.1571
52.4988;803.855;74.1509
52.5988;803.788;74.1448
52.6988;803.722;74.1386
52.7988;803.655;74.1325
52.8988;803.589;74.1264
52.9988;803.523;74.1203
53.0988;803.457;74.1143
53.1988;803.392;74.1082
53.2988;803.327;74.1022
53.3988;803.262;74.0962
53.4988;803.197;74.0902
53.5988;803.132;74.0843
53.6988;803.068;74.0783
53.7988;803.004;74.0724
53.8988;802.94;74.0665
53.9988;802.876;74.0607
54.0988;802.813;74.0548
54.1988;802.75;74.049
54.2988;802.687;74.0432
54.3988;802.624;74.0374
54.4988;802.561;74.0316
54.5988;802.499;74.0258
54.6988;802.437;74.0201
54.7988;802.375;74.0144
54.8988;802.313;74.0087
54.9988;802.252;74.003
55.0988;802.19;73.9974
55.1988;802.129;73.9917
55.2988;802.068;73.9861
55.3988;802.008;73.9805
55.4988;801.947;73.9749
55.5988;801.887;73.9694
55.6988;801.827;73.9638
55.7988;801.767;73.9583
55.8988;801.707;73.9528
55.9988;801.648;73.9473
56.0988;801.588;73.9418
56.1988;801.529;73.9364
56.2988;801.47;73.931
56.3988;801.412;73.9256
56.4988;801.353;73.9201
56.5988;801.295;73.9148
56.6988;801.237;73.9094
56.7988;801.179;73.9041
56.8988;801.121;73.8987
56.9988;801.063;73.8934
57.0988;801.006;73.8881
57.1987;800.949;73.8829
57.2987;800.892;73.8776
57.3987;800.835;73.8724
57.4987;800.778;73.8671
57.5987;800.722;73.8619
57.6987;800.666;73.8568
57.7987;800.61;73.8516
57.8987;800.554;73.8464
57.9987;800.498;73.8413
58.0987;800.443;73.8361
58.1987;800.387;73.8311
58.2987;800.332;73.826
58.3987;800.277;73.8209
58.4987;800.222;73.8158
58.5987;800.168;73.8108
58.6987;800.113;73.8058
58.7987;800.059;73.8008
58.8987;800.005;73.7958
58.9987;799.951;73.7908
59.0987;799.897;73.7858
59.1987;799.843;73.7809
59.2987;799.79;73.7759
59.3987;799.737;73.771
59.4987;799.684;73.7661
59.5987;799.631;73.7613
59.6987;799.578;73.7564
59.7987;799.525;73.7515
59.8987;799.473;73.7467
59.9987;799.421;73.7419
60.0987;799.368;73.7371
60.1987;799.316;73.7323
60.2987;799.265;73.7275
60.3987;799.213;73.7227
60.4987;799.162;73.718
60.5987;799.11;73.7133
60.6987;799.059;73.7085
60.7987;799.008;73.7038
60.8987;798.957;73.6992
60.9987;798.907;73.6945
61.0987;798.856;73.6898
61.1987;798.806;73.6852
61.2987;798.756;73.6805
61.3987;798.706;73.6759
61.4987;798.656;73.6713
61.5987;798.606;73.6667
61.6987;798.556;73.6621
61.7987;798.507;73.6576
61.8987;798.458;73.653
61.9987;798.408;73.6485
62.0987;798.359;73.644
62.1987;798.311;73.6395
62.2987;798.262;73.635
62.3987;798.213;73.6305
62.4987;798.165;73.6261
62.5987;798.117;73.6216
62.6987;798.069;73.6172
62.7987;798.021;73.6127
62.8987;797.973;73.6083
62.9987;797.925;73.6039
63.0987;797.878;73.5995
63.1987;797.83;73.5952
63.2987;797.783;73.5908
63.3987;797.736;73.5865
63.4987;797.689;73.5821
63.5987;797.642;73.5778
63.6987;797.595;73.5735
63.7986;797.549;73.5692
63.8986;797.502;73.5649
63.9986;797.456;73.5607
64.0986;797.41;73.5564
64.1986;797.364;73.5522
64.2986;797.318;73.5479
64.3986;797.272;73.5437
64.4986;797.227;73.5395
64.5986;797.181;73.5353
64.6986;797.136;73.5311
64.7986;797.091;73.527
64.8986;797.046;73.5228
64.9986;797.001;73.5187
65.0986;796.956;73.5145
65.1986;796.911;73.5104
65.2986;796.867;73.5063
65.3986;796.822;73.5022
65.4986;796.778;73.4981
65.5986;796.734;73.494
65.6986;796.69;73.49
65.7986;796.646;73.4859
65.8986;796.602;73.4819
65.9986;796.558;73.4779
66.0986;796.515;73.4738
66.1986;796.471;73.4698
66.2986;796.428;73.4658
66.3986;796.385;73.4619
66.4986;796.342;73.4579
66.5986;796.299;73.4539
66.6986;796.256;73.45
66.7986;796.214;73.4461
66.8986;796.171;73.4421
66.9986;796.129;73.4382
67.0986;796.086;73.4343
67.1986;796.044;73.4304
67.2986;796.002;73.4265
67.3986;795.96;73.4227
67.4986;795.918;73.4188
67.5986;795.876;73.415
67.6986;795.835;73.4111
67.7986;795.793;73.4073
67.8986;795.752;73.4035
67.9986;795.711;73.3997
68.0986;795.67;73.3959
68.1986;795.629;73.3921
68.2986;795.588;73.3883
68.3986;795.547;73.3846
68.4986;795.506;73.3808
68.5986;795.466;73.3771
68.6986;795.425;73.3733
68.7986;795.385;73.3696
68.8986;795.345;73.3659
68.9986;795.305;73.3622
69.0986;795.265;73.3585
69.1986;795.225;73.3548
69.2986;795.185;73.3512
69.3986;795.145;73.3475
69.4986;795.106;73.3438
69.5986;795.066;73.3402
69.6986;795.027;73.3366
69.7986;794.988;73.333
69.8986;794.948;73.3293
69.9986;794.909;73.3257
70.0986;794.87;73.3222
70.1986;794.832;73.3186
70.2986;794.793;73.315
70.3986;794.754;73.3114
70.4986;794.716;73.3079
70.5985;794.677;73.3043
70.6985;794.639;73.3008
70.7985;794.601;73.2973
70.8985;794.563;73.2938
70.9985;794.525;73.2903
71.0985;794.487;73.2868
71.1985;794.449;73.2833
71.2985;794.411;73.2798
71.3985;794.374;73.2763
71.4985;794.336;73.2729
71.5985;794.299;73.2694
71.6985;794.262;73.266
71.7985;794.224;73.2626
71.8985;794.187;73.2591
71.9985;794.15;73.2557
72.0985;794.113;73.2523
72.1985;794.077;73.2489
72.2985;794.04;73.2456
72.3985;794.003;73.2422
72.4985;793.967;73.2388
72.5985;793.93;73.2355
72.6985;793.894;73.2321
72.7985;793.858;73.2288
72.8985;793.822;73.2254
72.9985;793.786;73.2221
73.0985;793.75;73.2188
73.1985;793.714;73.2155
73.2985;793.678;73.2122
73.3985;793.643;73.2089
73.4985;793.607;73.2056
73.5985;793.572;73.2023
73.6985;793.536;73.1991
73.7985;793.501;73.1958
73.8985;793.466;73.1926
73.9985;793.431;73.1893
74.0985;793.396;73.1861
74.1985;793.361;73.1829
74.2985;793.326;73.1797
74.3985;793.291;73.1765
74.4985;793.256;73.1733
74.5985;793.222;73.1701
74.6985;793.187;73.1669
74.7985;793.153;73.1637
74.8985;793.119;73.1606
74.9985;793.085;73.1574
75.0985;793.05;73.1543
75.1985;793.016;73.1511
75.2985;792.982;73.148
75.3985;792.949;73.1449
75.4985;792.915;73.1418
75.5985;792.881;73.1386
75.6985;792.848;73.1356
75.7985;792.814;73.1325
75.8985;792.781;73.1294
75.9985;792.747;73.1263
76.0985;792.714;73.1232
76.1985;792.681;73.1202
76.2985;792.648;73.1171
76.3985;792.615;73.1141
76.4985;792.582;73.111
76.5985;792.549;73.108
76.6985;792.516;73.105
76.7985;792.483;73.102
76.8985;792.451;73.099
76.9985;792.418;73.096
77.0984;792.386;73.093
77.1984;792.353;73.09
77.2984;792.321;73.087
77.3984;792.289;73.084
77.4984;792.257;73.0811
77.5984;792.225;73.0781
77.6984;792.193;73.0752
77.7984;792.161;73.0722
77.8984;792.129;73.0693
77.9984;792.097;73.0664
78.0984;792.066;73.0634
78.1984;792.034;73.0605
78.2984;792.003;73.0576
78.3984;791.971;73.0547
78.4984;791.94;73.0518
78.5984;791.909;73.0489
78.6984;791.877;73.0461
78.7984;791.846;73.0432
78.8984;791.815;73.0403
78.9984;791.784;73.0375
79.0984;791.753;73.0346
79.1984;791.723;73.0318
79.2984;791.692;73.0289
79.3984;791.661;73.0261
79.4984;791.631;73.0233
79.5984;791.6;73.0205
79.6984;791.57;73.0177
79.7984;791.539;73.0149
79.8984;791.509;73.0121
79.9984;791.479;73.0093
80.0984;791.449;73.0065
80.1984;791.418;73.0037
80.2984;791.389;73.001
80.3984;791.359;72.9982
80.4984;791.329;72.9955
80.5984;791.299;72.9927
80.6984;791.269;72.99
80.7984;791.24;72.9872
80.8984;791.21;72.9845
80.9984;791.18;72.9818
81.0984;791.151;72.9791
81.1984;791.122;72.9763
81.2984;791.092;72.9736
81.3984;791.063;72.971
81.4984;791.034;72.9683
81.5984;791.005;72.9656
81.6984;790.976;72.9629
81.7984;790.947;72.9602
81.8984;790.918;72.9576
81.9984;790.889;72.9549
82.0984;790.86;72.9523
82.1984;790.832;72.9496
82.2984;790.803;72.947
82.3984;790.775;72.9443
82.4984;790.746;72.9417
82.5984;790.718;72.9391
82.6984;790.689;72.9365
82.7984;790.661;72.9339
82.8984;790.633;72.9313
82.9984;790.605;72.9287
83.0984;790.577;72.9261
83.1984;790.549;72.9235
83.2984;790.521;72.9209
83.3984;790.493;72.9183
83.4984;790.465;72.9158
83.5984;790.437;72.9132
83.6983;790.409;72.9107
83.7983;790.382;72.9081
83.8983;790.354;72.9056
83.9983;790.327;72.903
84.0983;790.299;72.9005
84.1983;790.272;72.898
84.2983;790.245;72.8954
84.3983;790.217;72.8929
84.4983;790.19;72.8904
84.5983;790.163;72.8879
84.6983;790.136;72.8854
84.7983;790.109;72.8829
84.8983;790.082;72.8804
84.9983;790.055;72.878
85.0983;790.028;72.8755
85.1983;790.001;72.873
85.2983;789.975;72.8706
85.3983;789.948;72.8681
85.4983;789.921;72.8656
85.5983;789.895;72.8632
85.6983;789.869;72.8608
85.7983;789.842;72.8583
85.8983;789.816;72.8559
85.9983;789.789;72.8535
86.0983;789.763;72.851
86.1983;789.737;72.8486
86.2983;789.711;72.8462
86.3983;789.685;72.8438
86.4983;789.659;72.8414
86.5983;789.633;72.839
86.6983;789.607;72.8366
86.7983;789.581;72.8343
86.8983;789.555;72.8319
86.9983;789.53;72.8295
87.0983;789.504;72.8271
87.1983;789.479;72.8248
87.2983;789.453;72.8224
87.3983;789.428;72.8201
87.4983;789.402;72.8177
87.5983;789.377;72.8154
87.6983;789.351;72.8131
87.7983;789.326;72.8107
87.8983;789.301;72.8084
87.9983;789.276;72.8061
88.0983;789.251;72.8038
88.1983;789.226;72.8015
88.2983;789.201;72.7992
88.3983;789.176;72.7969
88.4983;789.151;72.7946
88.5983;789.126;72.7923
88.6983;789.101;72.79
88.7983;789.077;72.7877
88.8983;789.052;72.7854
88.9983;789.027;72.7832
89.0983;789.003;72.7809
89.1983;788.978;72.7786
89.2983;788.954;72.7764
89.3983;788.929;72.7741
89.4983;788.905;72.7719
89.5983;788.881;72.7697
89.6983;788.857;72.7674
89.7983;788.832;72.7652
89.8983;788.808;72.763
89.9983;788.784;72.7607
90.0983;788.76;72.7585
90.1982;788.736;72.7563
90.2982;788.712;72.7541
90.3982;788.688;72.7519
90.4982;788.665;72.7497
90.5982;788.641;72.7475
90.6982;788.617;72.7453
90.7982;788.594;72.7432
90.8982;788.57;72.741
90.9982;788.546;72.7388
91.0982;788.523;72.7366
91.1982;788.499;72.7345
91.2982;788.476;72.7323
91.3982;788.453;72.7301
91.4982;788.429;72.728
91.5982;788.406;72.7258
91.6982;788.383;72.7237
91.7982;788.36;72.7216
91.8982;788.336;72.7194
91.9982;788.313;72.7173
92.0982;788.29;72.7152
92.1982;788.267;72.7131
92.2982;788.245;72.711
92.3982;788.222;72.7088
92.4982;788.199;72.7067
92.5982;788.176;72.7046
92.6982;788.153;72.7025
92.7982;788.131;72.7004
92.8982;788.108;72.6983
92.9982;788.085;72.6963
93.0982;788.063;72.6942
93.1982;788.04;72.6921
93.2982;788.018;72.69
93.3982;787.995;72.688
93.4982;787.973;72.6859
93.5982;787.951;72.6839
93.6982;787.929;72.6818
93.7982;787.906;72.6798
93.8982;787.884;72.6777
93.9982;787.862;72.6757
94.0982;787.84;72.6736
94.1982;787.818;72.6716
94.2982;787.796;72.6696
94.3982;787.774;72.6675
94.4982;787.752;72.6655
94.5982;787.73;72.6635
94.6982;787.708;72.6615
94.7982;787.687;72.6595
94.8982;787.665;72.6575
94.9982;787.643;72.6555
95.0982;787.622;72.6535
95.1982;787.6;72.6515
95.2982;787.578;72.6495
95.3982;787.557;72.6475
95.4982;787.535;72.6455
95.5982;787.514;72.6436
95.6982;787.493;72.6416
95.7982;787.471;72.6396
95.8982;787.45;72.6377
95.9982;787.429;72.6357
96.0982;787.408;72.6338
96.1982;787.386;72.6318
96.2982;787.365;72.6299
96.3982;787.344;72.6279
96.4982;787.323;72.626
96.5982;787.302;72.624
96.6982;787.281;72.6221
96.7981;787.26;72.6202
96.8981;787.24;72.6182
96.9981;787.219;72.6163
97.0981;787.198;72.6144
97.1981;787.177;72.6125
97.2981;787.157;72.6106
97.3981;787.136;72.6087
97.4981;787.115;72.6068
97.5981;787.095;72.6049
97.6981;787.074;72.603
97.7981;787.054;72.6011
97.8981;787.033;72.5992
97.9981;787.013;72.5973
98.0981;786.992;72.5955
98.1981;786.972;72.5936
98.2981;786.952;72.5917
98.3981;786.932;72.5898
98.4981;786.911;72.588
98.5981;786.891;72.5861
98.6981;786.871;72.5843
98.7981;786.851;72.5824
98.8981;786.831;72.5806
98.9981;786.811;72.5787
99.0981;786.791;72.5769
99.1981;786.771;72.575
99.2981;786.751;72.5732
99.3981;786.731;72.5714
99.4981;786.711;72.5695
99.5981;786.692;72.5677
99.6981;786.672;72.5659
99.7981;786.652;72.5641
99.8981;786.633;72.5623
99.9981;786.613;72.5605
100.098;786.593;72.5587
