NDA;POWER;ZEN;S_z
1;485.474;0.0701775;0.997539
2;485.119;0.0686383;0.997645
3;484.732;0.066981;0.997758
4;484.313;0.0652067;0.997875
5;483.863;0.0633151;0.997996
6;483.382;0.0613069;0.998121
7;482.869;0.0591834;0.998249
8;482.326;0.0569443;0.998379
9;481.75;0.0545906;0.99851
10;481.144;0.0521241;0.998642
11;480.507;0.0495434;0.998773
12;479.84;0.0468513;0.998903
13;479.141;0.0440464;0.99903
14;478.411;0.0411317;0.999154
15;477.652;0.038107;0.999274
16;476.862;0.0349744;0.999388
17;476.041;0.0317321;0.999497
18;475.191;0.0283843;0.999597
19;474.311;0.0249293;0.999689
20;473.401;0.0213707;0.999772
21;472.461;0.0177067;0.999843
22;471.492;0.0139397;0.999903
23;470.495;0.0100721;0.999949
24;469.467;0.00609864;0.999981
25;468.414;0.00204263;0.999998
26;468.324;0.00212837;0.999998
27;469.206;0.00639444;0.99998
28;470.103;0.0107533;0.999942
29;471.015;0.0152076;0.999884
30;471.942;0.0197531;0.999805
31;472.883;0.0243927;0.999703
32;473.838;0.0291224;0.999576
33;474.806;0.0339398;0.999424
34;475.787;0.0388461;0.999246
35;476.781;0.0438375;0.999039
36;477.786;0.0489135;0.998804
37;478.803;0.0540737;0.998538
38;479.83;0.0593143;0.998241
39;480.868;0.0646362;0.997912
40;481.915;0.0700354;0.997549
41;482.972;0.0755123;0.99715
42;484.038;0.0810644;0.996716
43;485.112;0.0866898;0.996245
44;486.194;0.0923877;0.995735
45;487.283;0.098156;0.995187
46;488.378;0.103992;0.994598
47;489.48;0.109896;0.993968
48;490.588;0.115864;0.993295
49;491.701;0.121896;0.99258
50;492.818;0.12799;0.991821
51;493.94;0.134143;0.991016
52;495.065;0.140354;0.990166
53;496.193;0.146621;0.98927
54;497.324;0.152943;0.988327
55;498.457;0.159317;0.987336
56;499.592;0.165741;0.986296
57;500.728;0.172214;0.985208
58;501.864;0.178734;0.98407
59;503.001;0.185298;0.982881
60;504.137;0.191906;0.981643
61;505.272;0.198554;0.980353
62;506.406;0.205241;0.979012
63;507.538;0.211965;0.977619
64;508.668;0.218724;0.976175
65;509.795;0.225515;0.974679
66;510.919;0.232338;0.973131
67;512.039;0.239189;0.97153
68;513.156;0.246068;0.969878
69;514.268;0.252971;0.968173
70;515.375;0.259897;0.966416
71;516.476;0.266844;0.964608
72;517.572;0.273809;0.962748
73;518.662;0.280791;0.960837
74;519.745;0.287788;0.958874
75;520.822;0.294797;0.956861
76;521.891;0.301816;0.954798
77;522.952;0.308844;0.952686
78;524.006;0.315878;0.950524
79;525.051;0.322916;0.948314
80;526.088;0.329956;0.946057
81;527.115;0.336996;0.943752
82;528.134;0.344035;0.941401
83;529.143;0.351069;0.939006
84;530.141;0.358096;0.936566
85;531.13;0.365116;0.934082
86;532.108;0.372125;0.931557
87;533.076;0.379122;0.92899
88;534.033;0.386104;0.926383
89;534.978;0.393069;0.923738
90;535.912;0.400016;0.921055
91;536.835;0.406942;0.918336
92;537.745;0.413845;0.915582
93;538.643;0.420723;0.912794
94;539.53;0.427575;0.909974
95;540.403;0.434397;0.907124
96;541.265;0.441189;0.904245
97;542.113;0.447948;0.901338
98;542.949;0.454672;0.898405
99;543.771;0.461359;0.895449
100;544.581;0.468007;0.892469
101;545.377;0.474614;0.889469
102;546.159;0.481178;0.88645
103;546.929;0.487698;0.883414
104;547.684;0.494171;0.880362
105;548.426;0.500596;0.877297
106;549.155;0.506969;0.87422
107;549.869;0.513291;0.871133
108;550.57;0.519558;0.868039
109;551.257;0.525769;0.864938
110;551.929;0.531923;0.861833
111;552.588;0.538016;0.858727
112;553.233;0.544048;0.85562
113;553.864;0.550017;0.852516
114;554.481;0.55592;0.849415
115;555.084;0.561757;0.846321
116;555.674;0.567525;0.843234
117;556.249;0.573222;0.840158
118;556.81;0.578848;0.837093
119;557.358;0.5844;0.834043
120;557.891;0.589877;0.831009
121;558.411;0.595277;0.827993
122;558.917;0.600598;0.824998
123;559.41;0.605839;0.822025
124;559.889;0.610999;0.819075
125;560.354;0.616075;0.816153
126;560.806;0.621067;0.813258
127;561.244;0.625973;0.810394
128;561.669;0.630791;0.807561
129;562.081;0.63552;0.804763
130;562.48;0.640158;0.802001
131;562.865;0.644705;0.799277
132;563.238;0.649159;0.796593
133;563.598;0.653518;0.79395
134;563.945;0.657781;0.791351
135;564.279;0.661948;0.788797
136;564.601;0.666016;0.78629
137;564.911;0.669985;0.783831
138;565.208;0.673853;0.781423
139;565.492;0.677619;0.779068
140;565.765;0.681283;0.776766
141;566.025;0.684842;0.774519
142;566.274;0.688297;0.772329
143;566.511;0.691645;0.770198
144;566.736;0.694887;0.768126
145;566.95;0.69802;0.766116
146;567.152;0.701044;0.764169
147;567.342;0.703959;0.762286
148;567.522;0.706763;0.760468
149;567.69;0.709456;0.758717
150;567.847;0.712036;0.757033
151;567.993;0.714503;0.755419
152;568.128;0.716857;0.753875
153;568.253;0.719095;0.752402
154;568.367;0.721219;0.751001
155;568.47;0.723227;0.749674
156;568.562;0.725119;0.748421
157;568.645;0.726893;0.747243
158;568.717;0.728551;0.74614
159;568.778;0.73009;0.745115
160;568.83;0.731511;0.744166
161;568.871;0.732813;0.743296
162;568.902;0.733995;0.742504
163;568.924;0.735059;0.741791
164;568.935;0.736002;0.741158
165;568.936;0.736825;0.740606
166;568.928;0.737528;0.740133
167;568.91;0.73811;0.739742
168;568.882;0.738572;0.739431
169;568.845;0.738912;0.739202
170;568.798;0.739132;0.739054
171;568.741;0.73923;0.738988
172;568.674;0.739207;0.739003
173;568.599;0.739064;0.7391
174;568.513;0.738799;0.739278
175;568.418;0.738413;0.739538
176;568.314;0.737906;0.739879
177;568.2;0.737279;0.740301
178;568.076;0.736531;0.740803
179;567.943;0.735662;0.741386
180;567.801;0.734674;0.742049
181;567.649;0.733566;0.742792
182;567.487;0.732338;0.743613
183;567.316;0.730992;0.744513
184;567.135;0.729526;0.74549
185;566.945;0.727943;0.746545
186;566.745;0.726242;0.747675
187;566.536;0.724423;0.748882
188;566.316;0.722488;0.750163
189;566.087;0.720436;0.751518
190;565.848;0.718269;0.752946
191;565.6;0.715987;0.754445
192;565.341;0.713591;0.756016
193;565.072;0.711082;0.757656
194;564.794;0.708459;0.759365
195;564.505;0.705725;0.761142
196;564.207;0.702879;0.762984
197;563.898;0.699923;0.764892
198;563.579;0.696858;0.766863
199;563.249;0.693684;0.768896
200;562.909;0.690402;0.77099
201;562.559;0.687014;0.773144
202;562.198;0.68352;0.775355
203;561.827;0.679921;0.777622
204;561.445;0.676219;0.779945
205;561.053;0.672414;0.78232
206;560.649;0.668508;0.784747
207;560.235;0.664502;0.787224
208;559.81;0.660397;0.789749
209;559.374;0.656194;0.79232
210;558.926;0.651894;0.794936
211;558.468;0.647499;0.797595
212;557.998;0.643011;0.800294
213;557.518;0.638429;0.803033
214;557.026;0.633757;0.805809
215;556.522;0.628994;0.80862
216;556.007;0.624143;0.811464
217;555.481;0.619205;0.81434
218;554.943;0.614181;0.817245
219;554.393;0.609074;0.820178
220;553.832;0.603883;0.823137
221;553.26;0.598612;0.826119
222;552.675;0.593261;0.829122
223;552.079;0.587832;0.832145
224;551.471;0.582327;0.835185
225;550.851;0.576747;0.838241
226;550.22;0.571094;0.84131
227;549.577;0.56537;0.844391
228;548.921;0.559576;0.84748
229;548.254;0.553714;0.850577
230;547.576;0.547786;0.85368
231;546.885;0.541793;0.856785
232;546.183;0.535738;0.859892
233;545.469;0.529622;0.862998
234;544.743;0.523447;0.866101
235;544.006;0.517214;0.8692
236;543.257;0.510927;0.872292
237;542.496;0.504585;0.875375
238;541.724;0.498192;0.878448
239;540.94;0.491749;0.881508
240;540.145;0.485259;0.884554
241;539.339;0.478722;0.887584
242;538.522;0.472141;0.890597
243;537.693;0.465518;0.893589
244;536.854;0.458855;0.89656
245;536.003;0.452154;0.899508
246;535.142;0.445417;0.902431
247;534.271;0.438646;0.905328
248;533.389;0.431842;0.908196
249;532.496;0.425009;0.911035
250;531.594;0.418147;0.913843
251;530.682;0.411259;0.916618
252;529.76;0.404347;0.91936
253;528.828;0.397413;0.922065
254;527.887;0.390459;0.924735
255;526.937;0.383487;0.927366
256;525.978;0.376499;0.929957
257;525.01;0.369498;0.932509
258;524.033;0.362485;0.935019
259;523.049;0.355462;0.937486
260;522.057;0.348431;0.939909
261;521.057;0.341396;0.942288
262;520.049;0.334356;0.944622
263;519.035;0.327316;0.946909
264;518.013;0.320276;0.949148
265;516.986;0.313239;0.95134
266;515.952;0.306208;0.953484
267;514.912;0.299183;0.955578
268;513.866;0.292167;0.957622
269;512.816;0.285162;0.959616
270;511.761;0.278171;0.961559
271;510.701;0.271195;0.963452
272;509.637;0.264236;0.965292
273;508.569;0.257297;0.967081
274;507.498;0.250379;0.968818
275;506.424;0.243485;0.970504
276;505.347;0.236617;0.972137
277;504.269;0.229776;0.973717
278;503.188;0.222965;0.975246
279;502.107;0.216185;0.976723
280;501.024;0.209439;0.978148
281;499.941;0.202729;0.979521
282;498.857;0.196056;0.980842
283;497.774;0.189423;0.982113
284;496.692;0.182832;0.983333
285;495.612;0.176284;0.984502
286;494.533;0.169781;0.985622
287;493.456;0.163326;0.986692
288;492.382;0.156921;0.987713
289;491.311;0.150566;0.988686
290;490.244;0.144265;0.989612
291;489.181;0.138019;0.990491
292;488.122;0.131829;0.991323
293;487.068;0.125698;0.99211
294;486.02;0.119627;0.992853
295;484.978;0.113619;0.993552
296;483.943;0.107675;0.994209
297;482.914;0.101796;0.994823
298;481.893;0.0959844;0.995397
299;480.88;0.0902431;0.995931
300;479.876;0.0845719;0.996426
301;478.88;0.0789735;0.996883
302;477.894;0.0734497;0.997304
303;476.917;0.0680018;0.997689
304;475.952;0.0626312;0.998039
305;474.997;0.0573399;0.998357
306;474.053;0.0521286;0.998642
307;473.121;0.047;0.998896
308;472.202;0.0419555;0.99912
309;471.295;0.0369957;0.999316
310;470.401;0.0321223;0.999484
311;469.521;0.0273381;0.999626
312;468.656;0.0226438;0.999744
313;467.805;0.0180369;0.999837
314;466.969;0.0135273;0.999909
315;466.149;0.0091088;0.999959
316;465.344;0.00478416;0.999989
317;464.566;0.00059802;1
318;465.444;0.00357147;0.999994
319;466.565;0.00760373;0.999971
320;467.658;0.0115343;0.999933
321;468.723;0.0153636;0.999882
322;469.761;0.0190933;0.999818
323;470.77;0.0227174;0.999742
324;471.751;0.0262365;0.999656
325;472.704;0.0296519;0.99956
326;473.628;0.0329614;0.999457
327;474.523;0.0361612;0.999346
328;475.389;0.0392538;0.99923
329;476.226;0.0422374;0.999108
330;477.034;0.0451111;0.998983
331;477.812;0.0478736;0.998854
332;478.56;0.0505242;0.998724
333;479.278;0.0530618;0.998593
334;479.966;0.0554867;0.998461
335;480.624;0.0577967;0.99833
336;481.252;0.0599931;0.998201
337;481.85;0.0620736;0.998074
338;482.416;0.0640373;0.99795
339;482.952;0.0658856;0.99783
340;483.458;0.0676165;0.997715
341;483.932;0.0692293;0.997605
342;484.375;0.0707237;0.9975
343;484.788;0.0721004;0.997402
344;485.169;0.0733579;0.997311
345;485.519;0.0744957;0.997226
346;485.837;0.0755139;0.99715
347;486.124;0.0764124;0.997082
348;486.38;0.0771908;0.997022
349;486.604;0.0778481;0.996971
350;486.797;0.078385;0.996929
351;486.957;0.0788011;0.996897
352;487.087;0.0790966;0.996873
353;487.184;0.0792706;0.99686
354;487.25;0.0793233;0.996856
355;487.284;0.0792548;0.996861
356;487.286;0.0790656;0.996876
357;487.256;0.0787556;0.9969
358;487.195;0.0783241;0.996934
359;487.101;0.0777722;0.996977
360;486.976;0.0770995;0.997029
361;486.819;0.0763069;0.99709
362;486.63;0.0753937;0.997159
363;486.41;0.0743603;0.997237
364;486.158;0.0732072;0.997322
365;485.873;0.0719347;0.997414
