HORA_LOCAL;POWER;ZEN;AZIM;S_z
6.32;500.03;1.56818;1.32459;0.00261364
6.4;501.35;1.54898;1.31775;0.0218119
6.48;502.664;1.52982;1.3108;0.040968
6.56;503.971;1.51069;1.30375;0.0600735
6.64;505.27;1.49159;1.2966;0.0791198
6.72;506.561;1.47254;1.28933;0.0980989
6.8;507.844;1.45353;1.28194;0.117002
6.88;509.118;1.43455;1.27443;0.135822
6.96;510.383;1.41563;1.26678;0.154549
7.04;511.638;1.39674;1.259;0.173176
7.12;512.882;1.37791;1.25107;0.191694
7.2;514.116;1.35912;1.24299;0.210095
7.28;515.338;1.34039;1.23475;0.228372
7.36;516.549;1.32171;1.22635;0.246516
7.44;517.747;1.30309;1.21777;0.264519
7.52;518.933;1.28453;1.20902;0.282373
7.6;520.106;1.26603;1.20007;0.300071
7.68;521.265;1.24759;1.19093;0.317604
7.76;522.41;1.22923;1.18157;0.334966
7.84;523.541;1.21093;1.17201;0.352148
7.92;524.658;1.19271;1.16221;0.369143
8;525.759;1.17457;1.15218;0.385943
8.08;526.844;1.1565;1.14189;0.402542
8.16;527.914;1.13853;1.13135;0.418931
8.24;528.968;1.12064;1.12054;0.435104
8.32;530.005;1.10285;1.10944;0.451053
8.4;531.025;1.08516;1.09805;0.466772
8.48;532.027;1.06757;1.08634;0.482253
8.56;533.012;1.05009;1.07431;0.497491
8.64;533.979;1.03273;1.06194;0.512477
8.72;534.928;1.01549;1.04921;0.527206
8.8;535.858;0.998373;1.03611;0.541671
8.88;536.769;0.981392;1.02262;0.555866
8.96;537.661;0.964553;1.00873;0.569784
9.04;538.534;0.947863;0.994402;0.58342
9.12;539.386;0.93133;0.979633;0.596767
9.2;540.218;0.914963;0.964398;0.60982
9.28;541.03;0.898771;0.948676;0.622572
9.36;541.822;0.882763;0.932446;0.635019
9.44;542.592;0.866949;0.915686;0.647155
9.52;543.342;0.851342;0.898372;0.658974
9.6;544.07;0.835952;0.880481;0.670472
9.68;544.776;0.820791;0.861988;0.681643
9.76;545.46;0.805873;0.84287;0.692482
9.84;546.123;0.791211;0.823101;0.702985
9.92;546.763;0.77682;0.802656;0.713146
10;547.381;0.762715;0.78151;0.722963
10.08;547.976;0.748913;0.75964;0.732429
10.16;548.548;0.735431;0.73702;0.741542
10.24;549.097;0.722286;0.713627;0.750296
10.32;549.623;0.709497;0.68944;0.758689
10.4;550.126;0.697085;0.664439;0.766717
10.48;550.605;0.685069;0.638604;0.774375
10.56;551.06;0.673471;0.61192;0.781662
10.64;551.492;0.662312;0.584376;0.788572
10.72;551.899;0.651616;0.555962;0.795105
10.8;552.283;0.641406;0.526674;0.801255
10.88;552.642;0.631705;0.496514;0.807022
10.96;552.977;0.622536;0.465488;0.812402
11.04;553.288;0.613925;0.43361;0.817393
11.12;553.574;0.605894;0.4009;0.821993
11.2;553.835;0.598468;0.367386;0.8262
11.28;554.072;0.591668;0.333104;0.830011
11.36;554.284;0.585517;0.298099;0.833426
11.44;554.472;0.580036;0.262424;0.836443
11.52;554.634;0.575243;0.226139;0.83906
11.6;554.772;0.571156;0.189315;0.841277
11.68;554.884;0.56779;0.152027;0.843091
11.76;554.972;0.565159;0.114361;0.844504
11.84;555.035;0.563271;0.0764049;0.845513
11.92;555.072;0.562136;0.0382531;0.846119
12;555.084;0.561757;2.73706e-06;0.846321
12.08;555.072;0.562136;-0.0382477;0.846119
12.16;555.034;0.563271;-0.0763994;0.845513
12.24;554.972;0.565158;-0.114355;0.844504
12.32;554.884;0.56779;-0.152022;0.843092
12.4;554.772;0.571156;-0.189309;0.841277
12.48;554.634;0.575242;-0.226134;0.83906
12.56;554.472;0.580035;-0.262418;0.836443
12.64;554.284;0.585517;-0.298094;0.833427
12.72;554.072;0.591667;-0.333099;0.830012
12.8;553.835;0.598467;-0.367381;0.8262
12.88;553.574;0.605893;-0.400895;0.821994
12.96;553.288;0.613924;-0.433605;0.817394
13.04;552.977;0.622535;-0.465484;0.812403
13.12;552.642;0.631703;-0.49651;0.807023
13.2;552.283;0.641404;-0.52667;0.801256
13.28;551.899;0.651615;-0.555957;0.795106
13.36;551.492;0.662311;-0.584372;0.788573
13.44;551.06;0.673469;-0.611916;0.781663
13.52;550.605;0.685067;-0.6386;0.774377
13.6;550.126;0.697083;-0.664435;0.766718
13.68;549.623;0.709496;-0.689437;0.758691
13.76;549.097;0.722284;-0.713624;0.750298
13.84;548.548;0.735429;-0.737017;0.741543
13.92;547.976;0.748911;-0.759637;0.73243
14;547.381;0.762713;-0.781507;0.722964
14.08;546.763;0.776818;-0.802653;0.713148
14.16;546.123;0.791209;-0.823098;0.702986
14.24;545.461;0.805871;-0.842867;0.692483
14.32;544.776;0.820789;-0.861986;0.681644
14.4;544.07;0.83595;-0.880478;0.670474
14.48;543.342;0.85134;-0.898369;0.658976
14.56;542.592;0.866947;-0.915684;0.647157
14.64;541.822;0.88276;-0.932444;0.635021
14.72;541.031;0.898768;-0.948674;0.622574
14.8;540.219;0.914961;-0.964396;0.609822
14.88;539.386;0.931328;-0.979631;0.596769
14.96;538.534;0.947861;-0.9944;0.583422
15.04;537.661;0.964551;-1.00872;0.569786
15.12;536.769;0.98139;-1.02262;0.555868
15.2;535.858;0.99837;-1.03611;0.541673
15.28;534.928;1.01548;-1.04921;0.527208
15.36;533.979;1.03273;-1.06194;0.512479
15.44;533.013;1.05009;-1.07431;0.497493
15.52;532.027;1.06757;-1.08634;0.482256
15.6;531.025;1.08516;-1.09805;0.466774
15.68;530.005;1.10285;-1.10944;0.451055
15.76;528.968;1.12064;-1.12054;0.435106
15.84;527.914;1.13853;-1.13135;0.418933
15.92;526.845;1.1565;-1.14189;0.402544
16;525.759;1.17456;-1.15217;0.385946
16.08;524.658;1.19271;-1.16221;0.369146
16.16;523.542;1.21093;-1.172;0.352151
16.24;522.41;1.22922;-1.18157;0.334969
16.32;521.265;1.24759;-1.19092;0.317607
16.4;520.106;1.26603;-1.20007;0.300074
16.48;518.933;1.28453;-1.20902;0.282376
16.56;517.747;1.30309;-1.21777;0.264521
16.64;516.549;1.32171;-1.22635;0.246518
16.72;515.339;1.34039;-1.23475;0.228374
16.8;514.116;1.35912;-1.24299;0.210098
16.88;512.883;1.37791;-1.25107;0.191696
16.96;511.638;1.39674;-1.25899;0.173178
17.04;510.383;1.41562;-1.26678;0.154552
17.12;509.119;1.43455;-1.27442;0.135824
17.2;507.845;1.45352;-1.28194;0.117005
17.28;506.562;1.47254;-1.28933;0.0981017
17.36;505.27;1.49159;-1.2966;0.0791224
17.44;503.971;1.51068;-1.30375;0.0600761
17.52;502.664;1.52981;-1.3108;0.0409707
17.6;501.351;1.54898;-1.31774;0.0218147
17.68;500.031;1.56818;-1.32459;0.00261648
