HORA_LOCAL;POWER;ZEN;AZIM;S_z
6.32;312.753;1.56818;1.32459;0.00261364
6.4;314.677;1.54898;1.31775;0.0218119
6.48;316.682;1.52982;1.3108;0.040968
6.56;318.765;1.51069;1.30375;0.0600735
6.64;320.923;1.49159;1.2966;0.0791198
6.72;323.154;1.47254;1.28933;0.0980989
6.8;325.456;1.45353;1.28194;0.117002
6.88;327.826;1.43455;1.27443;0.135822
6.96;330.261;1.41563;1.26678;0.154549
7.04;332.76;1.39674;1.259;0.173176
7.12;335.32;1.37791;1.25107;0.191694
7.2;337.937;1.35912;1.24299;0.210095
7.28;340.611;1.34039;1.23475;0.228372
7.36;343.337;1.32171;1.22635;0.246516
7.44;346.114;1.30309;1.21777;0.264519
7.52;348.94;1.28453;1.20902;0.282373
7.6;351.812;1.26603;1.20007;0.300071
7.68;354.727;1.24759;1.19093;0.317604
7.76;357.684;1.22923;1.18157;0.334966
7.84;360.679;1.21093;1.17201;0.352148
7.92;363.712;1.19271;1.16221;0.369143
8;366.779;1.17457;1.15218;0.385943
8.08;369.878;1.1565;1.14189;0.402542
8.16;373.007;1.13853;1.13135;0.418931
8.24;376.165;1.12064;1.12054;0.435104
8.32;379.348;1.10285;1.10944;0.451053
8.4;382.556;1.08516;1.09805;0.466772
8.48;385.785;1.06757;1.08634;0.482253
8.56;389.034;1.05009;1.07431;0.497491
8.64;392.302;1.03273;1.06194;0.512477
8.72;395.586;1.01549;1.04921;0.527206
8.8;398.884;0.998373;1.03611;0.541671
8.88;402.195;0.981392;1.02262;0.555866
8.96;405.517;0.964553;1.00873;0.569784
9.04;408.848;0.947863;0.994402;0.58342
9.12;412.187;0.93133;0.979633;0.596767
9.2;415.531;0.914963;0.964398;0.60982
9.28;418.88;0.898771;0.948676;0.622572
9.36;422.232;0.882763;0.932446;0.635019
9.44;425.584;0.866949;0.915686;0.647155
9.52;428.937;0.851342;0.898372;0.658974
9.6;432.288;0.835952;0.880481;0.670472
9.68;435.636;0.820791;0.861988;0.681643
9.76;438.979;0.805873;0.84287;0.692482
9.84;442.317;0.791211;0.823101;0.702985
9.92;445.647;0.77682;0.802656;0.713146
10;448.969;0.762715;0.78151;0.722963
10.08;452.282;0.748913;0.75964;0.732429
10.16;455.583;0.735431;0.73702;0.741542
10.24;458.872;0.722286;0.713627;0.750296
10.32;462.149;0.709497;0.68944;0.758689
10.4;465.41;0.697085;0.664439;0.766717
10.48;468.656;0.685069;0.638604;0.774375
10.56;471.886;0.673471;0.61192;0.781662
10.64;475.098;0.662312;0.584376;0.788572
10.72;478.291;0.651616;0.555962;0.795105
10.8;481.464;0.641406;0.526674;0.801255
10.88;484.617;0.631705;0.496514;0.807022
10.96;487.748;0.622536;0.465488;0.812402
11.04;490.856;0.613925;0.43361;0.817393
11.12;493.941;0.605894;0.4009;0.821993
11.2;497.001;0.598468;0.367386;0.8262
11.28;500.036;0.591668;0.333104;0.830011
11.36;503.045;0.585517;0.298099;0.833426
11.44;506.026;0.580036;0.262424;0.836443
11.52;508.98;0.575243;0.226139;0.83906
11.6;511.905;0.571156;0.189315;0.841277
11.68;514.801;0.56779;0.152027;0.843091
11.76;517.666;0.565159;0.114361;0.844504
11.84;520.501;0.563271;0.0764049;0.845513
11.92;523.304;0.562136;0.0382531;0.846119
12;526.074;0.561757;2.73706e-06;0.846321
12.08;528.812;0.562136;-0.0382477;0.846119
12.16;531.515;0.563271;-0.0763994;0.845513
12.24;534.184;0.565158;-0.114355;0.844504
12.32;536.818;0.56779;-0.152022;0.843092
12.4;539.416;0.571156;-0.189309;0.841277
12.48;541.978;0.575242;-0.226134;0.83906
12.56;544.503;0.580035;-0.262418;0.836443
12.64;546.991;0.585517;-0.298094;0.833427
12.72;549.44;0.591667;-0.333099;0.830012
12.8;551.851;0.598467;-0.367381;0.8262
12.88;554.222;0.605893;-0.400895;0.821994
12.96;556.554;0.613924;-0.433605;0.817394
13.04;558.845;0.622535;-0.465484;0.812403
13.12;561.096;0.631703;-0.49651;0.807023
13.2;563.305;0.641404;-0.52667;0.801256
13.28;565.473;0.651615;-0.555957;0.795106
13.36;567.598;0.662311;-0.584372;0.788573
13.44;569.681;0.673469;-0.611916;0.781663
13.52;571.721;0.685067;-0.6386;0.774377
13.6;573.717;0.697083;-0.664435;0.766718
13.68;575.669;0.709496;-0.689437;0.758691
13.76;577.577;0.722284;-0.713624;0.750298
13.84;579.44;0.735429;-0.737017;0.741543
13.92;581.257;0.748911;-0.759637;0.73243
14;583.03;0.762713;-0.781507;0.722964
14.08;584.756;0.776818;-0.802653;0.713148
14.16;586.436;0.791209;-0.823098;0.702986
14.24;588.07;0.805871;-0.842867;0.692483
14.32;589.657;0.820789;-0.861986;0.681644
14.4;591.197;0.83595;-0.880478;0.670474
14.48;592.689;0.85134;-0.898369;0.658976
14.56;594.133;0.866947;-0.915684;0.647157
14.64;595.529;0.88276;-0.932444;0.635021
14.72;596.877;0.898768;-0.948674;0.622574
14.8;598.176;0.914961;-0.964396;0.609822
14.88;599.427;0.931328;-0.979631;0.596769
14.96;600.628;0.947861;-0.9944;0.583422
15.04;601.78;0.964551;-1.00872;0.569786
15.12;602.882;0.98139;-1.02262;0.555868
15.2;603.935;0.99837;-1.03611;0.541673
15.28;604.937;1.01548;-1.04921;0.527208
15.36;605.889;1.03273;-1.06194;0.512479
15.44;606.792;1.05009;-1.07431;0.497493
15.52;607.643;1.06757;-1.08634;0.482256
15.6;608.444;1.08516;-1.09805;0.466774
15.68;609.194;1.10285;-1.10944;0.451055
15.76;609.893;1.12064;-1.12054;0.435106
15.84;610.541;1.13853;-1.13135;0.418933
15.92;611.138;1.1565;-1.14189;0.402544
16;611.683;1.17456;-1.15217;0.385946
16.08;612.177;1.19271;-1.16221;0.369146
16.16;612.619;1.21093;-1.172;0.352151
16.24;613.01;1.22922;-1.18157;0.334969
16.32;613.349;1.24759;-1.19092;0.317607
16.4;613.637;1.26603;-1.20007;0.300074
16.48;613.872;1.28453;-1.20902;0.282376
16.56;614.056;1.30309;-1.21777;0.264521
16.64;614.188;1.32171;-1.22635;0.246518
16.72;614.268;1.34039;-1.23475;0.228374
16.8;614.296;1.35912;-1.24299;0.210098
16.88;614.272;1.37791;-1.25107;0.191696
16.96;614.196;1.39674;-1.25899;0.173178
17.04;614.068;1.41562;-1.26678;0.154552
17.12;613.889;1.43455;-1.27442;0.135824
17.2;613.657;1.45352;-1.28194;0.117005
17.28;613.374;1.47254;-1.28933;0.0981017
17.36;613.039;1.49159;-1.2966;0.0791224
17.44;612.652;1.51068;-1.30375;0.0600761
17.52;612.214;1.52981;-1.3108;0.0409707
17.6;611.724;1.54898;-1.31774;0.0218147
17.68;611.183;1.56818;-1.32459;0.00261648
