x_pos;power
-100;460.097
-99.9;460.108
-99.8;460.12
-99.7;460.131
-99.6;460.143
-99.5;460.154
-99.4;460.166
-99.3;460.177
-99.2;460.189
-99.1;460.201
-99;460.212
-98.9;460.224
-98.8;460.236
-98.7;460.248
-98.6;460.259
-98.5;460.271
-98.4;460.283
-98.3;460.295
-98.2;460.307
-98.1;460.319
-98;460.33
-97.9;460.342
-97.8;460.354
-97.7;460.366
-97.6;460.378
-97.5;460.39
-97.4;460.402
-97.3;460.415
-97.2;460.427
-97.1;460.439
-97;460.451
-96.9;460.463
-96.8;460.475
-96.7001;460.488
-96.6001;460.5
-96.5001;460.512
-96.4001;460.524
-96.3001;460.537
-96.2001;460.549
-96.1001;460.561
-96.0001;460.574
-95.9001;460.586
-95.8001;460.599
-95.7001;460.611
-95.6001;460.624
-95.5001;460.636
-95.4001;460.649
-95.3001;460.661
-95.2001;460.674
-95.1001;460.687
-95.0001;460.699
-94.9001;460.712
-94.8001;460.725
-94.7001;460.737
-94.6001;460.75
-94.5001;460.763
-94.4001;460.776
-94.3001;460.788
-94.2001;460.801
-94.1001;460.814
-94.0001;460.827
-93.9001;460.84
-93.8001;460.853
-93.7001;460.866
-93.6001;460.879
-93.5001;460.892
-93.4001;460.905
-93.3001;460.918
-93.2001;460.931
-93.1001;460.945
-93.0001;460.958
-92.9001;460.971
-92.8001;460.984
-92.7001;460.997
-92.6001;461.011
-92.5001;461.024
-92.4001;461.038
-92.3001;461.051
-92.2001;461.064
-92.1001;461.078
-92.0001;461.091
-91.9001;461.105
-91.8001;461.118
-91.7001;461.132
-91.6001;461.145
-91.5001;461.159
-91.4001;461.173
-91.3001;461.186
-91.2001;461.2
-91.1001;461.214
-91.0001;461.227
-90.9001;461.241
-90.8001;461.255
-90.7001;461.269
-90.6001;461.283
-90.5001;461.297
-90.4001;461.311
-90.3001;461.324
-90.2001;461.338
-90.1002;461.353
-90.0002;461.367
-89.9002;461.381
-89.8002;461.395
-89.7002;461.409
-89.6002;461.423
-89.5002;461.437
-89.4002;461.452
-89.3002;461.466
-89.2002;461.48
-89.1002;461.494
-89.0002;461.509
-88.9002;461.523
-88.8002;461.538
-88.7002;461.552
-88.6002;461.566
-88.5002;461.581
-88.4002;461.596
-88.3002;461.61
-88.2002;461.625
-88.1002;461.639
-88.0002;461.654
-87.9002;461.669
-87.8002;461.684
-87.7002;461.698
-87.6002;461.713
-87.5002;461.728
-87.4002;461.743
-87.3002;461.758
-87.2002;461.773
-87.1002;461.788
-87.0002;461.803
-86.9002;461.818
-86.8002;461.833
-86.7002;461.848
-86.6002;461.863
-86.5002;461.878
-86.4002;461.893
-86.3002;461.909
-86.2002;461.924
-86.1002;461.939
-86.0002;461.954
-85.9002;461.97
-85.8002;461.985
-85.7002;462.001
-85.6002;462.016
-85.5002;462.032
-85.4002;462.047
-85.3002;462.063
-85.2002;462.078
-85.1002;462.094
-85.0002;462.11
-84.9002;462.125
-84.8002;462.141
-84.7002;462.157
-84.6002;462.173
-84.5002;462.189
-84.4002;462.205
-84.3002;462.221
-84.2002;462.237
-84.1002;462.253
-84.0002;462.269
-83.9002;462.285
-83.8002;462.301
-83.7002;462.317
-83.6003;462.333
-83.5003;462.35
-83.4003;462.366
-83.3003;462.382
-83.2003;462.398
-83.1003;462.415
-83.0003;462.431
-82.9003;462.448
-82.8003;462.464
-82.7003;462.481
-82.6003;462.497
-82.5003;462.514
-82.4003;462.531
-82.3003;462.547
-82.2003;462.564
-82.1003;462.581
-82.0003;462.598
-81.9003;462.615
-81.8003;462.631
-81.7003;462.648
-81.6003;462.665
-81.5003;462.682
-81.4003;462.699
-81.3003;462.717
-81.2003;462.734
-81.1003;462.751
-81.0003;462.768
-80.9003;462.785
-80.8003;462.803
-80.7003;462.82
-80.6003;462.837
-80.5003;462.855
-80.4003;462.872
-80.3003;462.89
-80.2003;462.907
-80.1003;462.925
-80.0003;462.943
-79.9003;462.96
-79.8003;462.978
-79.7003;462.996
-79.6003;463.013
-79.5003;463.031
-79.4003;463.049
-79.3003;463.067
-79.2003;463.085
-79.1003;463.103
-79.0003;463.121
-78.9003;463.139
-78.8003;463.157
-78.7003;463.176
-78.6003;463.194
-78.5003;463.212
-78.4003;463.231
-78.3003;463.249
-78.2003;463.267
-78.1003;463.286
-78.0003;463.304
-77.9003;463.323
-77.8003;463.342
-77.7003;463.36
-77.6003;463.379
-77.5003;463.398
-77.4003;463.416
-77.3003;463.435
-77.2003;463.454
-77.1003;463.473
-77.0004;463.492
-76.9004;463.511
-76.8004;463.53
-76.7004;463.549
-76.6004;463.568
-76.5004;463.588
-76.4004;463.607
-76.3004;463.626
-76.2004;463.646
-76.1004;463.665
-76.0004;463.684
-75.9004;463.704
-75.8004;463.723
-75.7004;463.743
-75.6004;463.763
-75.5004;463.782
-75.4004;463.802
-75.3004;463.822
-75.2004;463.842
-75.1004;463.862
-75.0004;463.882
-74.9004;463.902
-74.8004;463.922
-74.7004;463.942
-74.6004;463.962
-74.5004;463.982
-74.4004;464.003
-74.3004;464.023
-74.2004;464.043
-74.1004;464.064
-74.0004;464.084
-73.9004;464.105
-73.8004;464.125
-73.7004;464.146
-73.6004;464.167
-73.5004;464.187
-73.4004;464.208
-73.3004;464.229
-73.2004;464.25
-73.1004;464.271
-73.0004;464.292
-72.9004;464.313
-72.8004;464.334
-72.7004;464.355
-72.6004;464.376
-72.5004;464.398
-72.4004;464.419
-72.3004;464.441
-72.2004;464.462
-72.1004;464.483
-72.0004;464.505
-71.9004;464.527
-71.8004;464.548
-71.7004;464.57
-71.6004;464.592
-71.5004;464.614
-71.4004;464.636
-71.3004;464.658
-71.2004;464.68
-71.1004;464.702
-71.0004;464.724
-70.9004;464.746
-70.8004;464.769
-70.7004;464.791
-70.6004;464.813
-70.5005;464.836
-70.4005;464.858
-70.3005;464.881
-70.2005;464.904
-70.1005;464.926
-70.0005;464.949
-69.9005;464.972
-69.8005;464.995
-69.7005;465.018
-69.6005;465.041
-69.5005;465.064
-69.4005;465.087
-69.3005;465.11
-69.2005;465.133
-69.1005;465.157
-69.0005;465.18
-68.9005;465.204
-68.8005;465.227
-68.7005;465.251
-68.6005;465.274
-68.5005;465.298
-68.4005;465.322
-68.3005;465.346
-68.2005;465.37
-68.1005;465.394
-68.0005;465.418
-67.9005;465.442
-67.8005;465.466
-67.7005;465.49
-67.6005;465.515
-67.5005;465.539
-67.4005;465.564
-67.3005;465.588
-67.2005;465.613
-67.1005;465.637
-67.0005;465.662
-66.9005;465.687
-66.8005;465.712
-66.7005;465.737
-66.6005;465.762
-66.5005;465.787
-66.4005;465.812
-66.3005;465.837
-66.2005;465.863
-66.1005;465.888
-66.0005;465.913
-65.9005;465.939
-65.8005;465.965
-65.7005;465.99
-65.6005;466.016
-65.5005;466.042
-65.4005;466.068
-65.3005;466.094
-65.2005;466.12
-65.1005;466.146
-65.0005;466.172
-64.9005;466.198
-64.8005;466.225
-64.7005;466.251
-64.6005;466.278
-64.5005;466.304
-64.4005;466.331
-64.3005;466.358
-64.2005;466.385
-64.1005;466.411
-64.0005;466.439
-63.9006;466.466
-63.8006;466.493
-63.7006;466.52
-63.6006;466.547
-63.5006;466.575
-63.4006;466.602
-63.3006;466.63
-63.2006;466.657
-63.1006;466.685
-63.0006;466.713
-62.9006;466.741
-62.8006;466.769
-62.7006;466.797
-62.6006;466.825
-62.5006;466.853
-62.4006;466.881
-62.3006;466.91
-62.2006;466.938
-62.1006;466.967
-62.0006;466.996
-61.9006;467.024
-61.8006;467.053
-61.7006;467.082
-61.6006;467.111
-61.5006;467.14
-61.4006;467.169
-61.3006;467.199
-61.2006;467.228
-61.1006;467.257
-61.0006;467.287
-60.9006;467.317
-60.8006;467.346
-60.7006;467.376
-60.6006;467.406
-60.5006;467.436
-60.4006;467.466
-60.3006;467.496
-60.2006;467.527
-60.1006;467.557
-60.0006;467.587
-59.9006;467.618
-59.8006;467.649
-59.7006;467.68
-59.6006;467.71
-59.5006;467.741
-59.4006;467.772
-59.3006;467.804
-59.2006;467.835
-59.1006;467.866
-59.0006;467.898
-58.9006;467.929
-58.8006;467.961
-58.7006;467.993
-58.6006;468.024
-58.5006;468.056
-58.4006;468.089
-58.3006;468.121
-58.2006;468.153
-58.1006;468.185
-58.0006;468.218
-57.9006;468.25
-57.8006;468.283
-57.7006;468.316
-57.6006;468.349
-57.5006;468.382
-57.4007;468.415
-57.3007;468.448
-57.2007;468.481
-57.1007;468.515
-57.0007;468.548
-56.9007;468.582
-56.8007;468.616
-56.7007;468.65
-56.6007;468.684
-56.5007;468.718
-56.4007;468.752
-56.3007;468.786
-56.2007;468.821
-56.1007;468.855
-56.0007;468.89
-55.9007;468.925
-55.8007;468.96
-55.7007;468.995
-55.6007;469.03
-55.5007;469.065
-55.4007;469.101
-55.3007;469.136
-55.2007;469.172
-55.1007;469.207
-55.0007;469.243
-54.9007;469.279
-54.8007;469.315
-54.7007;469.352
-54.6007;469.388
-54.5007;469.424
-54.4007;469.461
-54.3007;469.498
-54.2007;469.535
-54.1007;469.572
-54.0007;469.609
-53.9007;469.646
-53.8007;469.683
-53.7007;469.721
-53.6007;469.758
-53.5007;469.796
-53.4007;469.834
-53.3007;469.872
-53.2007;469.91
-53.1007;469.949
-53.0007;469.987
-52.9007;470.026
-52.8007;470.064
-52.7007;470.103
-52.6007;470.142
-52.5007;470.181
-52.4007;470.22
-52.3007;470.26
-52.2007;470.299
-52.1007;470.339
-52.0007;470.379
-51.9007;470.419
-51.8007;470.459
-51.7007;470.499
-51.6007;470.539
-51.5007;470.58
-51.4007;470.62
-51.3007;470.661
-51.2007;470.702
-51.1007;470.743
-51.0007;470.784
-50.9007;470.826
-50.8008;470.867
-50.7008;470.909
-50.6008;470.951
-50.5008;470.993
-50.4008;471.035
-50.3008;471.077
-50.2008;471.12
-50.1008;471.162
-50.0008;471.205
-49.9008;471.248
-49.8008;471.291
-49.7008;471.335
-49.6008;471.378
-49.5008;471.421
-49.4008;471.465
-49.3008;471.509
-49.2008;471.553
-49.1008;471.597
-49.0008;471.642
-48.9008;471.686
-48.8008;471.731
-48.7008;471.776
-48.6008;471.821
-48.5008;471.866
-48.4008;471.912
-48.3008;471.957
-48.2008;472.003
-48.1008;472.049
-48.0008;472.095
-47.9008;472.141
-47.8008;472.188
-47.7008;472.234
-47.6008;472.281
-47.5008;472.328
-47.4008;472.375
-47.3008;472.423
-47.2008;472.47
-47.1008;472.518
-47.0008;472.566
-46.9008;472.614
-46.8008;472.662
-46.7008;472.711
-46.6008;472.759
-46.5008;472.808
-46.4008;472.857
-46.3008;472.906
-46.2008;472.956
-46.1008;473.005
-46.0008;473.055
-45.9008;473.105
-45.8008;473.155
-45.7008;473.206
-45.6008;473.256
-45.5008;473.307
-45.4008;473.358
-45.3008;473.409
-45.2008;473.461
-45.1008;473.513
-45.0008;473.564
-44.9008;473.616
-44.8008;473.669
-44.7008;473.721
-44.6008;473.774
-44.5008;473.827
-44.4008;473.88
-44.3008;473.933
-44.2009;473.987
-44.1009;474.04
-44.0009;474.094
-43.9009;474.149
-43.8009;474.203
-43.7009;474.258
-43.6009;474.312
-43.5009;474.368
-43.4009;474.423
-43.3009;474.479
-43.2009;474.534
-43.1009;474.59
-43.0009;474.647
-42.9009;474.703
-42.8009;474.76
-42.7009;474.817
-42.6009;474.874
-42.5009;474.931
-42.4009;474.989
-42.3009;475.047
-42.2009;475.105
-42.1009;475.164
-42.0009;475.222
-41.9009;475.281
-41.8009;475.34
-41.7009;475.4
-41.6009;475.46
-41.5009;475.519
-41.4009;475.58
-41.3009;475.64
-41.2009;475.701
-41.1009;475.762
-41.0009;475.823
-40.9009;475.885
-40.8009;475.946
-40.7009;476.008
-40.6009;476.071
-40.5009;476.133
-40.4009;476.196
-40.3009;476.259
-40.2009;476.323
-40.1009;476.386
-40.0009;476.45
-39.9009;476.515
-39.8009;476.579
-39.7009;476.644
-39.6009;476.709
-39.5009;476.775
-39.4009;476.84
-39.3009;476.906
-39.2009;476.973
-39.1009;477.039
-39.0009;477.106
-38.9009;477.173
-38.8009;477.241
-38.7009;477.309
-38.6009;477.377
-38.5009;477.445
-38.4009;477.514
-38.3009;477.583
-38.2009;477.652
-38.1009;477.722
-38.0009;477.792
-37.9009;477.863
-37.8009;477.933
-37.701;478.004
-37.601;478.076
-37.501;478.147
-37.401;478.219
-37.301;478.292
-37.201;478.364
-37.101;478.437
-37.001;478.511
-36.901;478.584
-36.801;478.658
-36.701;478.733
-36.601;478.807
-36.501;478.883
-36.401;478.958
-36.301;479.034
-36.201;479.11
-36.101;479.187
-36.001;479.264
-35.901;479.341
-35.801;479.418
-35.701;479.497
-35.601;479.575
-35.501;479.654
-35.401;479.733
-35.301;479.812
-35.201;479.892
-35.101;479.973
-35.001;480.053
-34.901;480.135
-34.801;480.216
-34.701;480.298
-34.601;480.38
-34.501;480.463
-34.401;480.546
-34.301;480.63
-34.201;480.714
-34.101;480.798
-34.001;480.883
-33.901;480.968
-33.801;481.054
-33.701;481.14
-33.601;481.227
-33.501;481.314
-33.401;481.401
-33.301;481.489
-33.201;481.577
-33.101;481.666
-33.001;481.755
-32.901;481.845
-32.801;481.935
-32.701;482.026
-32.601;482.117
-32.501;482.208
-32.401;482.3
-32.301;482.393
-32.201;482.486
-32.101;482.579
-32.001;482.673
-31.901;482.768
-31.801;482.863
-31.701;482.958
-31.601;483.054
-31.501;483.15
-31.401;483.247
-31.301;483.345
-31.201;483.443
-31.101;483.541
-31.001;483.64
-30.901;483.74
-30.801;483.84
-30.701;483.941
-30.601;484.042
-30.501;484.144
-30.401;484.246
-30.301;484.349
-30.201;484.452
-30.101;484.556
-30.001;484.661
-29.901;484.766
-29.801;484.871
-29.701;484.978
-29.601;485.084
-29.501;485.192
-29.401;485.3
-29.301;485.408
-29.201;485.518
-29.101;485.627
-29.001;485.738
-28.901;485.849
-28.801;485.961
-28.701;486.073
-28.601;486.186
-28.501;486.299
-28.401;486.414
-28.301;486.528
-28.201;486.644
-28.101;486.76
-28.001;486.877
-27.901;486.994
-27.801;487.112
-27.701;487.231
-27.601;487.351
-27.501;487.471
-27.401;487.592
-27.301;487.713
-27.201;487.836
-27.101;487.959
-27.001;488.083
-26.901;488.207
-26.801;488.332
-26.701;488.458
-26.601;488.585
-26.501;488.712
-26.401;488.84
-26.301;488.969
-26.201;489.099
-26.101;489.229
-26.001;489.36
-25.901;489.492
-25.801;489.625
-25.701;489.759
-25.601;489.893
-25.501;490.028
-25.401;490.164
-25.301;490.301
-25.201;490.439
-25.101;490.577
-25.001;490.716
-24.901;490.857
-24.801;490.998
-24.701;491.139
-24.601;491.282
-24.501;491.426
-24.401;491.57
-24.301;491.716
-24.201;491.862
-24.101;492.009
-24.001;492.157
-23.901;492.306
-23.801;492.456
-23.701;492.607
-23.601;492.759
-23.501;492.912
-23.401;493.065
-23.301;493.22
-23.201;493.376
-23.101;493.532
-23.001;493.69
-22.901;493.848
-22.801;494.008
-22.701;494.169
-22.601;494.33
-22.501;494.493
-22.401;494.657
-22.301;494.822
-22.201;494.987
-22.101;495.154
-22.001;495.322
-21.901;495.491
-21.801;495.661
-21.701;495.833
-21.601;496.005
-21.501;496.178
-21.401;496.353
-21.301;496.529
-21.201;496.705
-21.101;496.884
-21.001;497.063
-20.901;497.243
-20.801;497.425
-20.701;497.607
-20.601;497.791
-20.501;497.976
-20.401;498.163
-20.301;498.35
-20.201;498.539
-20.101;498.729
-20.001;498.92
-19.901;499.113
-19.801;499.307
-19.701;499.502
-19.601;499.699
-19.501;499.896
-19.401;500.095
-19.301;500.296
-19.201;500.498
-19.101;500.701
-19.001;500.905
-18.901;501.111
-18.801;501.318
-18.701;501.527
-18.601;501.737
-18.501;501.949
-18.401;502.161
-18.301;502.376
-18.201;502.592
-18.101;502.809
-18.001;503.027
-17.901;503.248
-17.801;503.469
-17.701;503.692
-17.601;503.917
-17.501;504.143
-17.401;504.371
-17.301;504.6
-17.201;504.831
-17.101;505.064
-17.001;505.298
-16.901;505.533
-16.801;505.77
-16.701;506.009
-16.601;506.25
-16.501;506.491
-16.401;506.735
-16.301;506.98
-16.201;507.227
-16.101;507.476
-16.001;507.726
-15.901;507.978
-15.801;508.232
-15.701;508.488
-15.601;508.745
-15.501;509.004
-15.401;509.264
-15.301;509.527
-15.201;509.791
-15.101;510.057
-15.001;510.325
-14.901;510.594
-14.801;510.865
-14.701;511.138
-14.601;511.413
-14.501;511.69
-14.401;511.968
-14.301;512.249
-14.201;512.531
-14.101;512.815
-14.001;513.101
-13.901;513.389
-13.801;513.679
-13.701;513.97
-13.601;514.263
-13.501;514.559
-13.401;514.856
-13.301;515.155
-13.201;515.456
-13.101;515.759
-13.001;516.063
-12.901;516.37
-12.801;516.679
-12.701;516.989
-12.601;517.302
-12.501;517.616
-12.401;517.932
-12.301;518.25
-12.201;518.57
-12.101;518.892
-12.001;519.215
-11.901;519.541
-11.801;519.868
-11.701;520.198
-11.601;520.529
-11.501;520.862
-11.401;521.197
-11.301;521.534
-11.201;521.872
-11.101;522.213
-11.001;522.555
-10.901;522.899
-10.801;523.244
-10.701;523.592
-10.601;523.941
-10.501;524.292
-10.401;524.644
-10.301;524.999
-10.201;525.354
-10.101;525.712
-10.001;526.071
-9.90095;526.432
-9.80095;526.794
-9.70095;527.157
-9.60095;527.522
-9.50095;527.889
-9.40095;528.257
-9.30095;528.626
-9.20095;528.996
-9.10095;529.368
-9.00095;529.741
-8.90095;530.115
-8.80095;530.49
-8.70095;530.867
-8.60095;531.244
-8.50095;531.622
-8.40095;532.001
-8.30095;532.381
-8.20095;532.762
-8.10095;533.143
-8.00095;533.525
-7.90095;533.908
-7.80095;534.291
-7.70095;534.674
-7.60095;535.058
-7.50095;535.442
-7.40095;535.826
-7.30095;536.21
-7.20095;536.594
-7.10095;536.978
-7.00095;537.361
-6.90095;537.745
-6.80095;538.128
-6.70095;538.51
-6.60095;538.891
-6.50095;539.272
-6.40095;539.652
-6.30095;540.031
-6.20095;540.409
-6.10095;540.785
-6.00095;541.16
-5.90095;541.534
-5.80095;541.906
-5.70095;542.276
-5.60095;542.644
-5.50095;543.01
-5.40095;543.373
-5.30095;543.735
-5.20095;544.093
-5.10095;544.45
-5.00095;544.803
-4.90095;545.153
-4.80095;545.5
-4.70095;545.843
-4.60095;546.183
-4.50095;546.519
-4.40095;546.852
-4.30095;547.18
-4.20095;547.504
-4.10095;547.824
-4.00095;548.139
-3.90095;548.45
-3.80095;548.755
-3.70095;549.055
-3.60095;549.35
-3.50095;549.64
-3.40095;549.924
-3.30095;550.202
-3.20095;550.474
-3.10095;550.74
-3.00095;550.999
-2.90095;551.252
-2.80095;551.498
-2.70095;551.738
-2.60095;551.97
-2.50095;552.195
-2.40095;552.413
-2.30095;552.623
-2.20095;552.825
-2.10095;553.02
-2.00095;553.206
-1.90095;553.385
-1.80095;553.555
-1.70095;553.717
-1.60095;553.87
-1.50095;554.015
-1.40095;554.151
-1.30095;554.278
-1.20095;554.396
-1.10095;554.505
-1.00095;554.605
-0.900952;554.695
-0.800951;554.776
-0.700951;554.848
-0.600951;554.911
-0.500951;554.964
-0.400951;555.007
-0.300951;555.041
-0.200951;555.065
-0.100951;555.08
-0.000951426;555.084
0.0990486;555.08
0.199049;555.065
0.299049;555.041
0.399049;555.008
0.499049;554.965
0.599049;554.912
0.699049;554.85
0.799049;554.778
0.899049;554.697
0.999049;554.607
1.09905;554.507
1.19905;554.398
1.29905;554.28
1.39905;554.153
1.49905;554.018
1.59905;553.873
1.69905;553.72
1.79905;553.558
1.89905;553.388
1.99905;553.21
2.09905;553.023
2.19905;552.829
2.29905;552.627
2.39905;552.417
2.49905;552.199
2.59905;551.974
2.69905;551.742
2.79905;551.503
2.89905;551.257
2.99905;551.004
3.09905;550.745
3.19905;550.479
3.29905;550.207
3.39905;549.929
3.49905;549.645
3.59905;549.356
3.69905;549.061
3.79905;548.761
3.89905;548.455
3.99905;548.145
4.09905;547.83
4.19905;547.51
4.29905;547.186
4.39905;546.858
4.49905;546.526
4.59905;546.19
4.69905;545.85
4.79905;545.506
4.89905;545.159
4.99905;544.809
5.09905;544.456
5.19905;544.1
5.29905;543.742
5.39905;543.38
5.49905;543.017
5.59905;542.651
5.69905;542.283
5.79905;541.913
5.89905;541.541
5.99905;541.168
6.09905;540.792
6.19905;540.416
6.29905;540.038
6.39904;539.659
6.49904;539.28
6.59904;538.899
6.69904;538.517
6.79904;538.135
6.89904;537.752
6.99904;537.369
7.09904;536.985
7.19904;536.601
7.29904;536.217
7.39904;535.833
7.49904;535.449
7.59904;535.065
7.69904;534.681
7.79904;534.298
7.89904;533.915
7.99904;533.533
8.09904;533.151
8.19904;532.769
8.29904;532.388
8.39904;532.009
8.49905;531.629
8.59905;531.251
8.69905;530.874
8.79905;530.498
8.89905;530.122
8.99905;529.748
9.09905;529.375
9.19905;529.003
9.29905;528.633
9.39905;528.264
9.49905;527.896
9.59905;527.529
9.69905;527.164
9.79905;526.801
9.89905;526.438
9.99905;526.078
10.0991;525.719
10.1991;525.361
10.2991;525.005
10.3991;524.651
10.4991;524.299
10.5991;523.948
10.6991;523.598
10.7991;523.251
10.8991;522.905
10.9991;522.561
11.0991;522.219
11.1991;521.879
11.2991;521.54
11.3991;521.203
11.4991;520.868
11.5991;520.535
11.6991;520.204
11.7991;519.875
11.8991;519.547
11.9991;519.222
12.0991;518.898
12.1991;518.576
12.2991;518.256
12.3991;517.938
12.4991;517.622
12.5991;517.307
12.6991;516.995
12.7991;516.685
12.8991;516.376
12.9991;516.069
13.0991;515.765
13.1991;515.462
13.2991;515.161
13.3991;514.862
13.4991;514.564
13.5991;514.269
13.6991;513.976
13.7991;513.684
13.8991;513.394
13.9991;513.107
14.0991;512.821
14.1991;512.536
14.2991;512.254
14.3991;511.974
14.4991;511.695
14.5991;511.419
14.6991;511.144
14.7991;510.87
14.8991;510.599
14.9991;510.33
15.0991;510.062
15.1991;509.796
15.2991;509.532
15.3991;509.269
15.4991;509.009
15.5991;508.75
15.6991;508.493
15.7991;508.237
15.8991;507.983
15.9991;507.731
16.0991;507.481
16.1991;507.232
16.2991;506.985
16.3991;506.74
16.4991;506.496
16.5991;506.254
16.6991;506.014
16.7991;505.775
16.8991;505.538
16.9991;505.302
17.0991;505.068
17.1991;504.836
17.2991;504.605
17.3991;504.375
17.4991;504.148
17.5991;503.921
17.6991;503.697
17.7991;503.474
17.8991;503.252
17.9991;503.032
18.0991;502.813
18.1991;502.596
18.2991;502.38
18.3991;502.165
18.4991;501.953
18.5991;501.741
18.6991;501.531
18.7991;501.322
18.8991;501.115
18.9991;500.909
19.0991;500.705
19.1991;500.502
19.2991;500.3
19.3991;500.099
19.4991;499.9
19.5991;499.702
19.6991;499.506
19.7991;499.311
19.8991;499.117
19.9991;498.924
20.0991;498.733
20.1991;498.543
20.2991;498.354
20.3991;498.166
20.4991;497.98
20.5991;497.795
20.6991;497.611
20.7991;497.428
20.8991;497.246
20.9991;497.066
21.0991;496.887
21.1991;496.709
21.2991;496.532
21.3991;496.356
21.4991;496.182
21.5991;496.008
21.6991;495.836
21.7991;495.665
21.8991;495.494
21.9991;495.325
22.0991;495.157
22.1991;494.991
22.2991;494.825
22.3991;494.66
22.4991;494.496
22.5991;494.333
22.6991;494.172
22.7991;494.011
22.8991;493.851
22.9991;493.693
23.0991;493.535
23.1991;493.379
23.2991;493.223
23.3991;493.068
23.4991;492.914
23.5991;492.762
23.6991;492.61
23.7991;492.459
23.8991;492.309
23.9991;492.16
24.0991;492.012
24.1991;491.865
24.2991;491.718
24.3991;491.573
24.4991;491.429
24.5991;491.285
24.6991;491.142
24.7991;491
24.8991;490.859
24.9991;490.719
25.0991;490.58
25.1991;490.441
25.2991;490.304
25.3991;490.167
25.4991;490.031
25.5991;489.896
25.6991;489.761
25.7991;489.628
25.8991;489.495
25.9991;489.363
26.0991;489.232
26.1991;489.101
26.2991;488.972
26.3991;488.843
26.4991;488.715
26.5991;488.587
26.6991;488.46
26.7991;488.335
26.8991;488.209
26.9991;488.085
27.0991;487.961
27.1991;487.838
27.2991;487.716
27.3991;487.594
27.4991;487.473
27.5991;487.353
27.6991;487.234
27.7991;487.115
27.8991;486.997
27.9991;486.879
28.0991;486.762
28.1991;486.646
28.2991;486.531
28.3991;486.416
28.4991;486.301
28.5991;486.188
28.6991;486.075
28.7991;485.963
28.8991;485.851
28.9991;485.74
29.0991;485.629
29.1991;485.52
29.2991;485.41
29.3991;485.302
29.4991;485.194
29.5991;485.086
29.6991;484.98
29.7991;484.873
29.8991;484.768
29.9991;484.663
30.0991;484.558
30.1991;484.454
30.2991;484.351
30.3991;484.248
30.4991;484.146
30.5991;484.044
30.6991;483.943
30.7991;483.842
30.8991;483.742
30.9991;483.642
31.0991;483.543
31.1991;483.445
31.2991;483.347
31.3991;483.249
31.4991;483.152
31.5991;483.056
31.6991;482.96
31.7991;482.864
31.8991;482.77
31.9991;482.675
32.0991;482.581
32.1991;482.488
32.2991;482.395
32.3991;482.302
32.4991;482.21
32.5991;482.119
32.6991;482.027
32.7991;481.937
32.8991;481.847
32.9991;481.757
33.0991;481.668
33.1991;481.579
33.2991;481.491
33.3991;481.403
33.4991;481.315
33.5991;481.228
33.6991;481.142
33.7991;481.056
33.8991;480.97
33.9991;480.885
34.0991;480.8
34.1991;480.715
34.2991;480.632
34.3991;480.548
34.4991;480.465
34.5991;480.382
34.6991;480.3
34.7991;480.218
34.8991;480.136
34.9991;480.055
35.0991;479.974
35.1991;479.894
35.2991;479.814
35.3991;479.734
35.4991;479.655
35.5991;479.576
35.6991;479.498
35.7991;479.42
35.8991;479.342
35.9991;479.265
36.0991;479.188
36.1991;479.112
36.2991;479.035
36.3991;478.96
36.4991;478.884
36.5991;478.809
36.6991;478.734
36.7991;478.66
36.8991;478.586
36.9991;478.512
37.0991;478.439
37.1991;478.366
37.2991;478.293
37.3991;478.221
37.4991;478.149
37.599;478.077
37.699;478.006
37.799;477.935
37.899;477.864
37.999;477.794
38.099;477.724
38.199;477.654
38.299;477.584
38.399;477.515
38.499;477.447
38.599;477.378
38.699;477.31
38.799;477.242
38.899;477.175
38.999;477.107
39.099;477.041
39.199;476.974
39.299;476.908
39.399;476.842
39.499;476.776
39.599;476.71
39.699;476.645
39.799;476.58
39.899;476.516
39.999;476.452
40.099;476.388
40.199;476.324
40.299;476.261
40.399;476.197
40.499;476.134
40.599;476.072
40.699;476.01
40.799;475.948
40.899;475.886
40.999;475.824
41.099;475.763
41.199;475.702
41.299;475.641
41.399;475.581
41.499;475.521
41.599;475.461
41.699;475.401
41.799;475.341
41.899;475.282
41.999;475.223
42.099;475.165
42.199;475.106
42.299;475.048
42.399;474.99
42.499;474.932
42.599;474.875
42.699;474.818
42.799;474.761
42.899;474.704
42.999;474.648
43.099;474.591
43.199;474.535
43.299;474.48
43.399;474.424
43.499;474.369
43.599;474.314
43.699;474.259
43.799;474.204
43.899;474.15
43.999;474.095
44.0989;474.041
44.1989;473.988
44.2989;473.934
44.3989;473.881
44.4989;473.828
44.5989;473.775
44.6989;473.722
44.7989;473.67
44.8989;473.617
44.9989;473.565
45.0989;473.513
45.1989;473.462
45.2989;473.41
45.3989;473.359
45.4989;473.308
45.5989;473.257
45.6989;473.207
45.7989;473.156
45.8989;473.106
45.9989;473.056
46.0989;473.006
46.1989;472.957
46.2989;472.907
46.3989;472.858
46.4989;472.809
46.5989;472.76
46.6989;472.712
46.7989;472.663
46.8989;472.615
46.9989;472.567
47.0989;472.519
47.1989;472.471
47.2989;472.424
47.3989;472.376
47.4989;472.329
47.5989;472.282
47.6989;472.235
47.7989;472.189
47.8989;472.142
47.9989;472.096
48.0989;472.05
48.1989;472.004
48.2989;471.958
48.3989;471.913
48.4989;471.867
48.5989;471.822
48.6989;471.777
48.7989;471.732
48.8989;471.687
48.9989;471.643
49.0989;471.598
49.1989;471.554
49.2989;471.51
49.3989;471.466
49.4989;471.422
49.5989;471.379
49.6989;471.335
49.7989;471.292
49.8989;471.249
49.9989;471.206
50.0989;471.163
50.1989;471.121
50.2989;471.078
50.3989;471.036
50.4989;470.994
50.5989;470.952
50.6988;470.91
50.7988;470.868
50.8988;470.827
50.9988;470.785
51.0988;470.744
51.1988;470.703
51.2988;470.662
51.3988;470.621
51.4988;470.581
51.5988;470.54
51.6988;470.5
51.7988;470.459
51.8988;470.419
51.9988;470.379
52.0988;470.34
52.1988;470.3
52.2988;470.26
52.3988;470.221
52.4988;470.182
52.5988;470.143
52.6988;470.104
52.7988;470.065
52.8988;470.026
52.9988;469.988
53.0988;469.949
53.1988;469.911
53.2988;469.873
53.3988;469.835
53.4988;469.797
53.5988;469.759
53.6988;469.722
53.7988;469.684
53.8988;469.647
53.9988;469.609
54.0988;469.572
54.1988;469.535
54.2988;469.499
54.3988;469.462
54.4988;469.425
54.5988;469.389
54.6988;469.352
54.7988;469.316
54.8988;469.28
54.9988;469.244
55.0988;469.208
55.1988;469.172
55.2988;469.137
55.3988;469.101
55.4988;469.066
55.5988;469.031
55.6988;468.995
55.7988;468.96
55.8988;468.926
55.9988;468.891
56.0988;468.856
56.1988;468.822
56.2988;468.787
56.3988;468.753
56.4988;468.718
56.5988;468.684
56.6988;468.65
56.7988;468.616
56.8988;468.583
56.9988;468.549
57.0988;468.516
57.1987;468.482
57.2987;468.449
57.3987;468.415
57.4987;468.382
57.5987;468.349
57.6987;468.316
57.7987;468.284
57.8987;468.251
57.9987;468.218
58.0987;468.186
58.1987;468.154
58.2987;468.121
58.3987;468.089
58.4987;468.057
58.5987;468.025
58.6987;467.993
58.7987;467.961
58.8987;467.93
58.9987;467.898
59.0987;467.867
59.1987;467.835
59.2987;467.804
59.3987;467.773
59.4987;467.742
59.5987;467.711
59.6987;467.68
59.7987;467.649
59.8987;467.619
59.9987;467.588
60.0987;467.558
60.1987;467.527
60.2987;467.497
60.3987;467.467
60.4987;467.437
60.5987;467.407
60.6987;467.377
60.7987;467.347
60.8987;467.317
60.9987;467.288
61.0987;467.258
61.1987;467.229
61.2987;467.199
61.3987;467.17
61.4987;467.141
61.5987;467.112
61.6987;467.083
61.7987;467.054
61.8987;467.025
61.9987;466.996
62.0987;466.967
62.1987;466.939
62.2987;466.91
62.3987;466.882
62.4987;466.854
62.5987;466.825
62.6987;466.797
62.7987;466.769
62.8987;466.741
62.9987;466.713
63.0987;466.686
63.1987;466.658
63.2987;466.63
63.3987;466.603
63.4987;466.575
63.5987;466.548
63.6987;466.52
63.7986;466.493
63.8986;466.466
63.9986;466.439
64.0986;466.412
64.1986;466.385
64.2986;466.358
64.3986;466.332
64.4986;466.305
64.5986;466.278
64.6986;466.252
64.7986;466.225
64.8986;466.199
64.9986;466.173
65.0986;466.146
65.1986;466.12
65.2986;466.094
65.3986;466.068
65.4986;466.042
65.5986;466.017
65.6986;465.991
65.7986;465.965
65.8986;465.94
65.9986;465.914
66.0986;465.888
66.1986;465.863
66.2986;465.838
66.3986;465.813
66.4986;465.787
66.5986;465.762
66.6986;465.737
66.7986;465.712
66.8986;465.687
66.9986;465.663
67.0986;465.638
67.1986;465.613
67.2986;465.589
67.3986;465.564
67.4986;465.54
67.5986;465.515
67.6986;465.491
67.7986;465.467
67.8986;465.442
67.9986;465.418
68.0986;465.394
68.1986;465.37
68.2986;465.346
68.3986;465.322
68.4986;465.299
68.5986;465.275
68.6986;465.251
68.7986;465.228
68.8986;465.204
68.9986;465.181
69.0986;465.157
69.1986;465.134
69.2986;465.111
69.3986;465.087
69.4986;465.064
69.5986;465.041
69.6986;465.018
69.7986;464.995
69.8986;464.972
69.9986;464.949
70.0986;464.927
70.1986;464.904
70.2986;464.881
70.3986;464.859
70.4986;464.836
70.5985;464.814
70.6985;464.791
70.7985;464.769
70.8985;464.747
70.9985;464.725
71.0985;464.702
71.1985;464.68
71.2985;464.658
71.3985;464.636
71.4985;464.614
71.5985;464.592
71.6985;464.571
71.7985;464.549
71.8985;464.527
71.9985;464.505
72.0985;464.484
72.1985;464.462
72.2985;464.441
72.3985;464.42
72.4985;464.398
72.5985;464.377
72.6985;464.356
72.7985;464.335
72.8985;464.313
72.9985;464.292
73.0985;464.271
73.1985;464.25
73.2985;464.229
73.3985;464.208
73.4985;464.188
73.5985;464.167
73.6985;464.146
73.7985;464.126
73.8985;464.105
73.9985;464.085
74.0985;464.064
74.1985;464.044
74.2985;464.023
74.3985;464.003
74.4985;463.983
74.5985;463.962
74.6985;463.942
74.7985;463.922
74.8985;463.902
74.9985;463.882
75.0985;463.862
75.1985;463.842
75.2985;463.822
75.3985;463.803
75.4985;463.783
75.5985;463.763
75.6985;463.743
75.7985;463.724
75.8985;463.704
75.9985;463.685
76.0985;463.665
76.1985;463.646
76.2985;463.627
76.3985;463.607
76.4985;463.588
76.5985;463.569
76.6985;463.55
76.7985;463.53
76.8985;463.511
76.9985;463.492
77.0984;463.473
77.1984;463.454
77.2984;463.436
77.3984;463.417
77.4984;463.398
77.5984;463.379
77.6984;463.361
77.7984;463.342
77.8984;463.323
77.9984;463.305
78.0984;463.286
78.1984;463.268
78.2984;463.249
78.3984;463.231
78.4984;463.213
78.5984;463.194
78.6984;463.176
78.7984;463.158
78.8984;463.14
78.9984;463.122
79.0984;463.104
79.1984;463.085
79.2984;463.068
79.3984;463.05
79.4984;463.032
79.5984;463.014
79.6984;462.996
79.7984;462.978
79.8984;462.961
79.9984;462.943
80.0984;462.925
80.1984;462.908
80.2984;462.89
80.3984;462.873
80.4984;462.855
80.5984;462.838
80.6984;462.82
80.7984;462.803
80.8984;462.786
80.9984;462.768
81.0984;462.751
81.1984;462.734
81.2984;462.717
81.3984;462.7
81.4984;462.683
81.5984;462.666
81.6984;462.649
81.7984;462.632
81.8984;462.615
81.9984;462.598
82.0984;462.581
82.1984;462.564
82.2984;462.548
82.3984;462.531
82.4984;462.514
82.5984;462.498
82.6984;462.481
82.7984;462.465
82.8984;462.448
82.9984;462.432
83.0984;462.415
83.1984;462.399
83.2984;462.382
83.3984;462.366
83.4984;462.35
83.5984;462.334
83.6983;462.317
83.7983;462.301
83.8983;462.285
83.9983;462.269
84.0983;462.253
84.1983;462.237
84.2983;462.221
84.3983;462.205
84.4983;462.189
84.5983;462.173
84.6983;462.157
84.7983;462.142
84.8983;462.126
84.9983;462.11
85.0983;462.094
85.1983;462.079
85.2983;462.063
85.3983;462.048
85.4983;462.032
85.5983;462.017
85.6983;462.001
85.7983;461.986
85.8983;461.97
85.9983;461.955
86.0983;461.939
86.1983;461.924
86.2983;461.909
86.3983;461.894
86.4983;461.878
86.5983;461.863
86.6983;461.848
86.7983;461.833
86.8983;461.818
86.9983;461.803
87.0983;461.788
87.1983;461.773
87.2983;461.758
87.3983;461.743
87.4983;461.728
87.5983;461.713
87.6983;461.699
87.7983;461.684
87.8983;461.669
87.9983;461.654
88.0983;461.64
88.1983;461.625
88.2983;461.61
88.3983;461.596
88.4983;461.581
88.5983;461.567
88.6983;461.552
88.7983;461.538
88.8983;461.523
88.9983;461.509
89.0983;461.495
89.1983;461.48
89.2983;461.466
89.3983;461.452
89.4983;461.438
89.5983;461.423
89.6983;461.409
89.7983;461.395
89.8983;461.381
89.9983;461.367
90.0983;461.353
90.1982;461.339
90.2982;461.325
90.3982;461.311
90.4982;461.297
90.5982;461.283
90.6982;461.269
90.7982;461.255
90.8982;461.241
90.9982;461.228
91.0982;461.214
91.1982;461.2
91.2982;461.187
91.3982;461.173
91.4982;461.159
91.5982;461.146
91.6982;461.132
91.7982;461.118
91.8982;461.105
91.9982;461.091
92.0982;461.078
92.1982;461.065
92.2982;461.051
92.3982;461.038
92.4982;461.024
92.5982;461.011
92.6982;460.998
92.7982;460.984
92.8982;460.971
92.9982;460.958
93.0982;460.945
93.1982;460.932
93.2982;460.919
93.3982;460.905
93.4982;460.892
93.5982;460.879
93.6982;460.866
93.7982;460.853
93.8982;460.84
93.9982;460.827
94.0982;460.814
94.1982;460.802
94.2982;460.789
94.3982;460.776
94.4982;460.763
94.5982;460.75
94.6982;460.738
94.7982;460.725
94.8982;460.712
94.9982;460.699
95.0982;460.687
95.1982;460.674
95.2982;460.662
95.3982;460.649
95.4982;460.636
95.5982;460.624
95.6982;460.611
95.7982;460.599
95.8982;460.586
95.9982;460.574
96.0982;460.562
96.1982;460.549
96.2982;460.537
96.3982;460.525
96.4982;460.512
96.5982;460.5
96.6982;460.488
96.7981;460.476
96.8981;460.463
96.9981;460.451
97.0981;460.439
97.1981;460.427
97.2981;460.415
97.3981;460.403
97.4981;460.391
97.5981;460.379
97.6981;460.367
97.7981;460.355
97.8981;460.343
97.9981;460.331
98.0981;460.319
98.1981;460.307
98.2981;460.295
98.3981;460.283
98.4981;460.271
98.5981;460.26
98.6981;460.248
98.7981;460.236
98.8981;460.224
98.9981;460.213
99.0981;460.201
99.1981;460.189
99.2981;460.178
99.3981;460.166
99.4981;460.154
99.5981;460.143
99.6981;460.131
99.7981;460.12
99.8981;460.108
99.9981;460.097
100.098;460.085
